84
-355
2026
2024
2024
293
5.8
1,166
23.2
1,059
21.1
2,503
49.9
49.9
5.8
1
2
3
4
9
2024
0838
0301
0803
2024
3
3
5
2024
3
3
4
2024
4
1
2
2024
4
1
1
2024
4
2
4
3
1
4
3
1,207
1.4
6.7
12.8
79.0
582
1.9
8.8
18.7
70.6
670
1.5
8.1
20.1
70.3
330
5.5
19.1
23.3
52.1
624
8.5
38.5
27.2
25.8
524
7.6
34.5
27.7
30.2
1,059
13.2
46.3
24.8
15.7
1
25.8
30.2
52.1
235
3.8
4.7
88.1
758
0.8
9.2
86.3
515
1.4
20.2
72.4
1,085
2.6
25.8
54.0
532
4.9
31.4
34.2
928
9.9
26.2
15.1
278
27.7
13.3
12.6
679
7.1
21.5
47.1
88.1
12.6
47.1
54.0
34.2
679
1980
2
2008
36.8
1980
49.9
2024
13.1
1990
2020
2024
11.0
5.8
-5.2
24.3
23.2
-1.1
13.9
21.1
7.2
50.8
49.9
-0.9
3
7.2
2020
2024
3
1980
3.5
2024
52.7
23.0
1980
61.3
2008
55.3
2008
0009
2020
-2024
1948
2024
5
2026
2008
1997
41
3
718
737
1989
2001