84
-355
2026
1948
73,745
1,030
163
1948
403
200
163
1948
20260205
73,745
1,030
14
1,030
0004
0006
0006
0009
0010
0011
0009
0010
0011
0009
0010
0011
9999
0004
0301
0310
0050
0050
0806
0838
9039
9040
9041
9042
0009
1970
4
3
1
4
1.0000
1972
6
3
3
0
1.0000
1984
3
2
3
3
9
2
1.0000
1994
2
2
3
2
2
2
3
2
2
0.9981
2016
7
3
3
3
7
2
2
1
2
2
1.5380
-1
0
9
0806
-1
0
9
20.80
10,063
48,381
3.966
48,381
0.137
9
3.380
43,337
-0.449
0
-1
4.431
43,362
0.602
3.829
38,318
3.966
3.829
0.137
9
0
-1
5,044
5,019
3.380
4.431
0050
0050
41,635
1966
2016
5
0310
38,773
1966
2016
9
0050
1
2
3
4
5
1
1
7
1
4
0.79
2.04
0.06
0.62
1986
9039
9040
9041
9042
2
1986
2024
0.34
1986
1.44
2024
0.82
0009
1948
2024
33
73,745
0301
7
1952
2024
32
73,083
0310
1952
2024
30
70,124
0050
1966
2016
20
37,983
0050
1968
2016
14
29,773
0806
7
1970
2024
16
48,381
0838
4
1980
2024
17
48,086
9039
1986
2024
12
39,802
9040
1986
2024
13
41,083
9041
1986
2024
12
39,802
9042
1986
2024
13
41,083
9
11
2024
2016
1
1972
2024
1
0009
1948
2024
5
2026
1992
2016
2
1964