84
-355
2026
2020
435
89
89
435
50
1941
1941
1992
435
1929
39,538,223
38,534
39,576,757
52
2020
1
2020
50
435
13
2020
2020
2021
435
1
2020
348,698
1
1
2
3
1
4
1
2020
2020
2
2010
5
5030053
7
0
6
736081
1
0
54
577719
1
0
55
331108434
435
56
1
725
56
56
50
2
55
331,108,434
435
56
771
5,030,053
7
5,774
736,081
1
2,690
7,158,923
9
7,421
3,013,756
4
2,232
51
56
51
50
3
50
435
39,576,757
51.99
52
29,183,290
38.34
38
21,570,527
28.34
28
20,215,751
26.56
26
13,011,844
17.09
17
12,822,739
16.85
17
26.56
0.56
435
26.559
27
26
15.514
16
15
1.443
1
2
1.426
1
2
4
736,081
0.967
1
643,503
0.845
1
577,719
0.759
1
0.76
385
1
1
8
8
762,998
1
435
762,998
385
435
27,984,993
762,998
37
2
51
27,984,993
435
762,998
37
430
431
432
433
434
435
435
436
3
50
384
435
20,215,751
20,215,840
89
89
2020
437
89
762994
89
762258
11,462
758071
189,645
756977
171,561
754617
79,509
753877
478,806
129
4
89
129
11,462
129
2020
50
14,502
3,258
435
89
14,502
163
89
163
4
0.5
0.5
1
1
26
27
15
16
2
1
2
1
4
50
0.5
5
4
435
4
0.5
0.5
1
1
436
573
435
1.83
1.76
436
138
1.83
1.76
6
138
435
573
1.83
1.76
573
1.83
1.76
435
990,837
542,704
573
779,702
443,885
1990
2002
1920
1929
435
89
1990
2000
2010
2020
435
89
89
163
129
435
2016
89
14,502
11,462
2020
1
3
2020
2020
2001
2
503
442
1992
536
452
2002
578
54
2016
1929
46
21
15
1941
55
761
2
2
2020
1
3