84
-355
2026
44.8
1984
2
1975
2020
94
-171
2
10
2026
35.8
-1
232,717
180
2020
97,498
330,401
97
750
00
00
000
00
0097498
7500000
130019501001000
13001950
1001000
3
5
13
01705317
001
1
00349113
90078
5
01936077
99
999
99
99999999
99999
99
99999999
950100
1
1000
9999
9
99999
99
99
999999
999
99999
99
99999999
999999
9
99999
99
99999999
99999
9
99
9
99999
99999
9
999
99999
9
9
12
019
156
00001
000012020
97,498
149
000
01
0097498
12
12
12
0
0
0
0
0
0
0
0
0
0
0
0
0
0
0
0
0
0
0
0
0
0
0
0
0
0
0
0
0
0
0
0
0
0
0
0
0
0
0
0
0
0
0
0
0
0
0
0
0
0
0
0
0
0
0
0
0
0
0
0
0
0
0
0
0
0
0
0
12
0
12
12
12
0
0
0
0
0
0
0
0
0
0
0
0
0
0
0
0
0
0
0
0
0
0
0
0
0
0
0
0
0
0
0
0
0
0
0
0
0
0
0
0
0
97
149
99999
-1
-8
97
3
750
750
8
0097498
10
130019501001000
15
3
330,401
232,717
67
8
0097498
10
130019501001000
1.300195
14
20
130019501001000
12
0
0
12
0
130019501001001
10
0
0
9
0
130019501001002
0
0
0
0
0
10
12
1
63
32
32
32
3,074
2020
232,717
10,711,908
3,538,146
11,748
8,674
1,066,710
477,624
44.78
43.51
32
63
31.00
33.03
15
1
-2
13
1
-5
13121
1
-11
13121000700
1
-12
131210007002
15
131210007002000
1.312101
14
4
2020
1
2020
8,674
1,066,710
44.78
37.9
0.0
10
90
8,674
56
44.78
37.9
4.1
97.4
856
1,151
44.78
36.7
6.0
95.5
326
3,174
44.78
36.2
7.2
95.2
1
1,066,710
44.78
0.0
44.8
44.8
44.78
37.9
36.2
0.0
10
4.1
7.2
90
97.4
95.2
-18
165,333
26
31.8
100.0
0.088
7,433
1,343
28.4
99.6
0.097
2,784
3,718
27.1
98.7
0.080
159
22,842
17.7
72.7
-0.147
100.0
72.7
18
0.088
0.080
-0.147
3
2
3
44.78
50
37.9
36.2
6
11,748
6
177,785
360
360
180
6
180
90
180
0.71
11,748
1,066,710
6
0.71
177,785
6
6
3
360
11,748
6
50
4
44.78
0
4
3
360
4
227
6
400
4
400
161
6
42.6
46.4
0
165
13.2
77.1
4
6
42.6
46.4
44.78
13.2
77.1
4
6
0
360
6
99
360
6
0
99
172
0
4
2
3
172
2
3
6
14
1
178,135
85.74
84.90
14
2
177,636
85.53
85.21
14
3
177,644
44.62
43.11
14
4
177,756
22.45
21.74
14
5
177,951
17.39
17.06
14
6
177,588
12.86
12.27
86
1
177,793
88.15
87.33
86
2
176,990
83.27
82.50
86
3
178,516
50.21
46.98
86
4
177,542
18.69
18.10
86
5
177,887
17.01
17.54
86
6
177,982
11.49
11.04
2
0
4
0
4
3
9
4
1950
360
94
-171
0.71
0
4
44.78
43.51
37.9
0.0
100.0
72.7
66.3
34.8
6
360
0
4
2
3
360
360
44.78
2020
94
-171
1
3
2
2020
01
94
-171
2020
2020
2020
13
20
2
2020
2020
13
2
2020
2020
13
1984
38
1950
15
3
360