84
-355
2026
46,031
2
2026
2020
2010
2026
53
127,560
20
131530211253020
53
11,168
155,756
854
20
49,771
2,130
3,269
131530212041012
131530203021001
131530202003009
49,771
2,130
3,269
2020
86,211
56,520
11,807
5,029
339
49,771
46,031
92.5
3,740
46,031
3,740
7.5
2010
23,703
94.7
16,852
16.6
2,319
71.4
2,038
64.0
1,119
0.2
61.3
61.3
94.7
16.6
61.3
51.5
9.8
51.5
51.5
46,031
46,031
1
100
46,031
51.5
61.3
23,703
94.7
91.1
-3.6
16,852
16.6
40.3
23.7
2,319
71.4
65.9
-5.5
2,038
64.0
55.3
-8.7
1,119
0.2
0.4
0.2
61.3
67.5
61.3
67.5
6.2
6.2
2
6.2
23.7
16.6
40.3
8.7
5.5
3.6
23.7
6.2
40.3
2
100
67.8
3
100
67.8
58.5
392
8
400
158
392
8
100
400
158
0.81
91.1
0.43
40.3
0.60
65.9
0.54
55.3
0.01
0.4
0.01
4
0.81
0.01
0.43
0.43
0.01
1,119
67.5
40.3
61.3
16.6
58.8
7.7
51.5
60
7,429
44.2
60.0
15.8
6.2
23.7
2
50.9
43.6
35.6
22.7
6.4
23.6
4.6
7.0
2.5
3.1
50.9
6.4
6.4
27.6
5
49,771
50.9
6.4
6.4
27.6
3,740
23.6
6.4
3.7
2
51.5
6
51.5
2
51.5
67
16.6
16,852
2
51
2010
7.5
46,031
67.5
67.5
91.1
40.3
51.5
23.7
7.5
4
0.4
67.5
2026
2020
94
-171
2010
2009
9
2
69
83
2016
24
2
263
272
2022
8
49
9824
478
30
1986