84
-355
2026
63,833,137
853,812
5,000
48,149,197
45,110,629
1,015,453
43,915,245
33,769,625
2,574,528
2023
24
3073
174
609
2023
24
3,856
31
2024
1970
18
60
986
24
1
3,856
30
40011082
2
66197196.43
0
66197196.43
0
0
0
25875270.05
28880000
0
24018188
0
0
11206974.33
00
00
13750
0
09
30
2024
113233.27
950
30
1
40011082
2
3
6
66197196.43
12
25875270.05
13
28880000
18
11206974.33
26
13750
66,197,196
11,206,974
13,750
54,755,270
30
30
40011082
25,875,270
28,880,000
30
18
09
30
2024
3,856
3,856
60
986
21
22
23
24
25
3,073
22,583
782,177
34.6
22,583
782,177
35
10
307
72.7
50
1,537
0.2
1
3,073
2023
24
307
72.7
1,537
0.2
787
2003
2014
2010
1,718
9,107
764
19,272
562
1,537,105
1,537,105
9,107
169
169
1
1,318
37.6
37.6
50,000
545
1.1
319
1.4
454
37.6
37.6
1.4
1.1
2
50,000
37.6
454
1.4
319
1.1
545
15.0
0.2
1.1
0.2
574,755
1.4
0.7
947,895
37.6
15.0
2,845,748
15.0
37.6
10,000
2
90
68.1
62.7
57.9
7.6
7.5
24.5
0.2
0.1
0.1
17.4
25.8
4.8
3
382
39
7.6
24.5
17.4
25.8
4.8
100,000
1,421
225
15.8
00009423
1,175,189,365
80000722
1,175,189,365
2024
1,175,189,365
6.85
5.27
1.57
6.85
2024
1.57
1.57
2023
24
50,000
72.7
0.2
37.6
1.4
2023
24
31
2024
2003
17
1
105
130
2014
76
3
711
724
2015
558
310
2010