84
-355
2026
13
04
2024
377
25
51
2024
-03
-13
2024
-09
-13
2024
-11
-01
377
5
13
2024
04
2024
26
177
54
270
2018
2012
7
8
2024
377
5
25
1
377
26
3
13
24
43.0642
-87.9673
55079
5
7
29
4
4
21
50
11
9
11
4
24
11
1
24
489,950
13
26
11
15
489,950
13
3
13
24
2024
-03
-13
2024
-03
-14
3
13
24
2024
-03
-13
26
51
25
19
1.71
80
15
1.42
63
10
0.86
50
16
3.21
45
11
5.50
27
16
2.20
26
83.8
17.3
5
78.5
1
2024
377
17.3
83.8
80
36
3.0
51
26
25
146
27.1
25
51
146
27.1
2
25
146
27.1
3
51
25
27.1
377
3
25
27.1
0.78
2.5
27.1
9
377
0.78
25
10
0.86
50
5.00
19
1.71
80
4.21
6
3.10
25
4.17
40
13.68
5
0.12
54
20.14
2
0.04
6
54
25
2
113
5
51
0.21
124
14
0.21
124
14
25
51
-0.41
5
8
5
2
-0.41
4
2.78
3
10
4.24
4
6
3.10
25
16
2.20
26
16
3.21
45
10
0.86
50
15
1.42
63
19
1.71
80
2.78
3
4.24
4
51
0.21
51
-0.41
8
5
0.74
10
-0.83
8
0.74
-0.83
0.21
-0.41
5
0.87
0.87
80
4
51
4
0.87
83.81
8
2024
-05
-25
2024
-06
-11
2024
-06
-22
2024
-07
-10
3
51
-0.41
50
-0.53
51
-0.41
-0.53
20.46
2
2024
-08
-17
2024
-10
-19
50
54
01
50
324
2024
-11
-01
25
324
54
377
2024
-11
-04
26
339
50
01
54
04
38
10.1
01
324
339
15
1
04
2024
05
2024
16
23
188
189
50
7
188
189
5
38
10.1
50
13
73
19.4
38
377
10.1
50
2024
83.8
17.3
25
0.21
-0.41
0.87
377
2011
2008
1
2007
2
25
324
377
15
54
04
25
0.21
0.61
1
13
2024
2012
2024
54
54
13
04
2024
50
2024
1
2
2011
2008
39
3
534
556
2018
6
4
733
751
2007
69
3
786
797
1999
1988
96
93
2
345
361
2006
270
2000
2004