84
-355
2026
926
2024
121,602
2024
1
2024
4
4
10
2026
1
2
3
121,602
86,278
17,294
12,205
10,674
121,602
2
121,602
4
10,674
2024
1.6
340,778
926
340,778
2,028
300
1
37
13
13
7
662
0
0
14
517
5017
15
1
98
552
5023
7
2
92
520
5025
3
3
92
209
7
1
517
2
552
3
520
926
1
2
3
593
13
12
517
2,028
1.58
926
926
340,778
926
368
363
340,778
926
4
4
926
0
10,150
3.0
1
215,501
63.2
2
48,026
14.1
3
18,995
5.6
4
40,409
11.9
5
7,697
2.3
10,150
330,628
215,501
65.2
4
1
330,018
48.39
2
329,614
48.49
3
328,300
48.76
4
322,000
51.22
51.22
3
164,861
51.22
3
156,985
48.78
51.22
48.78
322,000
321,846
0
0.000
0
0.000
267
661
1,313
1,300
17
4,817
2,724
6,295
35
13,871
6,295
45.4
7,647
2.3
329,493
7,595
52
3
7,647
329,493
2.3
7,595
52
10,771
6,663
17,434
5.3
1
2
2,455
1,049
147
90
3,790
65.2
65.2
159,703
76.1
152,887
56.4
13,146
43.4
3,537
35.4
41
76.1
35.4
4
159,703
3,537
76.1
35.4
340,778
340,778
330,018
322,000
164,935
51.22
48.4
51.22
322,000
340,778
48.4
2015
2016
2019
4
340,778
926
7,647
2.3
340,778
0
4
65.2
5.3
3,790
76.1
35.4
2024
24
24
1
11.9
21
10
2026
3
3
340,778
926
2015
37
41
49
2016
42
157
163
2019
100
5
1768
1776
926