84
-355
2026
2
338
2020
94
-171
96
2026
127
94
-171
2030
2020
1
003
1
0
1
003
2020
100
2020
-01
-01
338
338
96
96
7
3
1
003
6
2
100
2020
1
003
1
003
1
003
1
1
1
4
63
1
003
3
338
2020
94
-171
96
338
96
32,000
73
73
71
18
71
10
3
2
73
4
73
1
71
3
71
5
10
1
3
2
4
1
3
5
1
13
301
2
2020
2
4
1
3
5
1
13
301
2020
301
37
338
37
338
2020
301
301
301
96
301
18
144
48
3
1
3
71
2
4
73
144
301
48
3
1
4
2
2
3
4
96
67
29
7
96
29
67
4
37
144
157
7
29
67
20
67
7
5
20
67
7
94
-171
1975
2020
2020
2020
1
001
42
2026
2020
338
6
2020
338
2020
2020
94
-171
1
001
42
42
42
25
3
4
2
18
2
2020
1
003
338
37
144
301
96
67
2020
2030
2024
1
4
1975
338
2031
2020
94
-171
2020
94
-171
1975
13
141
478
30
1986
2024
15
89
22182
29
2024
2013
6