84
-355
2026
131530211233013
13
2
153
5
021123
211.23
11
3
3
12
013
013
15
1
13
153
38
3,269
2024
7
204,008
2020
3,269
163,633
379.9
3,269
85,396
2024
2020
-1
204,008
7
62
01001
00161526
1539631459
25677536
594
21009
00516851
1262269998
32723250
487
01001020100
9825303
28435
3.794
0.011
32.4819731
-86
01097004100
814775
0
0.315
0
30.731593
-88.0933537
00601
166836392
798613
64.416
0.308
18.180555
-66.749961
03885
39181774
875089
15.128
0.338
43.014993
-70.902602
00601
3,222
5
2
3
85,396
11
2
3
6
33,791
5
122,409
200
33,791
33,791
100
01001
1001
0
2
3
6
85,396
85,396
11
1.74
36,421
10
35.59
33,791
5
34.89
32,333
7
1.73
10,893
7
120.15
3,222
5
604.48
1,952
7
33.47
85,396
3,222
33,791
1.74
604.48
347
2
1.74
604.48
347
5
85396
85396
5
36421
36421
85,396
36,421
3
3,269
108
38
86
85,396
33,791
32,333
2
3
6
2
3
5
2
3
2
5
2
5
2
5
2
5
38
4
38
108
0
4
32
12
22
32
108
38
4
32
38
84
22
79,743
54,067
30
98.7
91.5
32
4
12
22
38
5
12
4
1930
2020
1984
1950
1930
2024
2010
32
38
85,396
32
38
2024
2
2024
2020
2
2020
2020
2
2020
2020
2
2020
520
1984
38
1950
15
3
351
357