2020
84
-355
2026
2020
8
9
94
-171
1975
2
203
1,250,578
946,321
163,678
58,541
65,706
34,325
1,250,578
1
2020
2020
94
-171
1
2020
503
6
68,883,526
21
1
2
5
300
503
503
94
-171
1975
27
94
-171
1997
2024
2029
2020
64
68,883,526
2020
050
00
00
000
00
0000003
0500000
42003
42003
1
2
42
0177979
8
003
1
01213657
38300
1
430
99
999
1890571829
37043982
1250578
602095
40.4697574
-079.9804515
06
97
3
050
050
529,085
51
67
8
0000003
10
42003
42
003
88
000012020
000
01
0000003
1250578
1184872
946321
163678
1909
58541
357
14066
65706
61018
16767
9112
8525
332
21383
1979
566
106
1660
67
1
153
128
210
29
4258
2199
322
69
638
175
5
425
145
157
18
28
9
30
10
17
3
1
0
0
7
386
141
40
161
2
8
8
14
6
0
0
4
2
0
0
0
34
2
2
12
0
0
0
0
10
10
1250578
34325
1216253
1165797
938252
161554
1
305
58318
304
6064
50456
47135
16116
8662
8294
311
9932
1835
543
99
987
65
0
18
113
150
10
3058
1953
290
68
300
149
4
41
134
38
7
26
9
10
10
10
3
1
0
0
5
233
126
40
44
2
6
3
6
2
0
0
4
0
0
0
0
26
21
5
0
0
0
0
4
4
149
144
1
6
76
2
77
149
6
1,250,578
149
18
1
63
000032020
15
000
03
0000003
34557
10853
2151
185
8485
32
23704
19266
22
4
416
42003
10
1,250,578
1
6
1,184,872
1
7
946,321
1
8
163,678
1
9
1,909
1
10
58,541
1
11
357
1
12
14,066
1
13
65,706
1
14
34,325
1
78
1,216,253
1
79
938,252
1
81
161,554
1
82
1,305
1
83
58,318
1
84
304
1
85
6,064
1
86
50,456
1
87
34,557
3
6
2,151
3
8
185
3
9
8,485
3
10
19,266
3
13
22
3
14
050
3
529,085
67
57
1
42003
0000003
0000003
42003
42,003
01001
1001
144
18
63
18
126
126
88
67
5
72
1250578
18
503
2,117,522
51.0
36.5
14.5
29,145,505
50.1
39.7
10.4
20,201,249
55.2
52.5
2.7
13,002,700
75.0
73.5
1.5
1,455,271
22.9
21.6
1.3
2,961,279
56.0
55.4
0.6
1
0.6
14.5
51.0
36.5
14.5
1.40
0.982
0.6
15.0
47.7
13.6
39.3
10.9
19.5
3.9
8.1
1.9
3.6
1.8
9.5
15.0
13.6
7,072,769
6,684,740
94.5
388,029
5.5
94.5
7,072,769
25.3
3.7
8,576,792
8,576,792
8,576,792
6,083,462
70.9
2,493,330
29.1
70.9
2
94.5
70.9
48.0
3.6
87.4
3
3.6
87.4
80.2
97.1
3.6
47.7
65,920
47.1
97.7
7,076
46.8
88.2
13,889
45.5
93.6
57,887
43.2
94.9
870,781
40.6
91.9
421,017
40.4
89.5
267,114
40.2
95.2
6,131
39.9
81.4
4,838
36.7
88.5
350
36.3
74.6
74.6
97.7
47.1
97.7
29.5
4
10
74.6
97.7
503
0.924
0.891
5
503
0.924
2020
2010
2020
6,973
2,653
38.0
1,338
493
36.8
3,202
996
31.1
3,303
1,012
30.6
5,816
1,731
29.8
19,663
5,073
25.8
38.0
2,653
6,973
105,740
13,084
12.4
9,135
1,005
11.0
56,794
5,814
10.2
51,788
5,160
10.0
6
2024
15
1997
2029
1
2
5
2020
2021
2020
2010
51.0
36.5
94.5
70.9
2
203
2020
7,072,769
8,576,792
2020
94
-171
1
2
5
2
2020
01
94
-171
2020
8
9
4
1998
2000
2013
2024
15
89
22182
29
2024
2021
2020
7
41
3283
546
3
1057
2021
2130
94
-171
1
2
5
94171