84
-355
2026
60,000
2024
19
5
2024
2
60,000
694
184
39
7
6
7
4
2
4
1
4
2
4
2
4
2
4
1
4
2
4
2
19
133
2
4
184
39
694
4
7
5
1
4
1
6
1
8
1
8
1
6
1
4
1
3
60,000
1
41,443
69.1
67.6
2
7,728
12.9
11.9
3
5,150
8.6
9.9
4
1,949
3.2
4.5
5
582
1.0
1.0
6
1,947
3.2
3.2
7
1,035
1.7
1.6
8
166
0.3
0.4
6
6
8
6
1,947
8
166
1,947
166
12
1.5
19.0
2024
39
133
60,000
19
1
54913
91.5
72.5
54,913
6
60,000
4
4
60,000
5
6
59,987
4
58,522
7
8
60,000
8
60,000
3
60,000
39
60,000
60,000
5
59,987
58,522
1,478
26.3
27.6
21.9
10.5
10.7
10.2
21.1
10.8
9.5
31.6
13.2
15.3
5.3
9.1
10.0
0.0
8.5
9.6
5.3
18.0
20.1
0.0
2.1
3.4
60,000
3.8
19.0
5.0
7
5
1
7
5
19.0
3.8
91.5
72.5
-19.0
7.4
23.2
15.8
7
27.6
21.9
-5.7
51.2
46.4
-4.8
3.6
7.5
3.9
1.1
4.3
3.2
5
6.0
9.2
3.2
23.3
20.4
-2.9
4
4
19.0
15.8
2
4
4
19.0
91.5
72.5
19.0
5.7
4.8
3.9
39
3
39
49.1
41.6
13.2
15.3
2.1
3.4
35.6
39.7
49.1
41.6
35.6
39.7
13.5
1.9
4
49.1
41.6
35.6
39.7
13.5
1.9
13.5
1.9
11.6
19
60,000
3,158
6,000
22.5
0.40
5
60,000
3,158
6,000
22.5
0.40
19
22.5
1,000
3.1
2024
60,000
0.40
19
22.5
19
8
8
6
22.5
19
8
8
22.5
3
56
7
19
22.5
3.1
3
56
19.0
22.5
39
19
2
39
37
8
22.5
19
2
39
37
2013
2016
2018
2016
1
2006
22.5
60,000
19
1,478
19.0
11.6
19
19
22.5
19.0
22.5
2024
2
10.7910
11
6
2013
16
307
329
2006
70
5
646
675
2018
2016
82
1
1
33