11001
11001
84
-355
2026
11001
2020
2024
2020
2024
0.25
1.53
11001
2020
344,356
2024
1
40,463
12
11001
3,104
2008
2024
2020
2024
3,144
51
3,160
2024
3,152
2020
154,863,739
17095
11917
9838
22175
2079.0
0.537406989853438
6
0.44365276211950394
0.09375422773393466
46043
1419
219,165
8,120
0.0
0.85585042219
54162
0.13208685162846803
0.7237635705669482
3,160
01001
00161526
1539631459
25677536
594.4
21009
00516851
1262269998
32723250
487.36
64
200
51
3160
2998
3159
52
3222
1960
3222
1001
318
3,222
17095
11917
9838
0.5374070
27077
1710
604
0.7289003
29001
6771
3334
0.6616181
46043
1419
219
0.8558504
48495
1646
283
0.8519669
3,222
3,144
78
2024
42003
429916
283595
720504
01001
01001
1001
328
3,160
328
3,160
10
51
18
32
0
0
107
0
2024
1
1
3.26
2024
2
107
3,160
42
51
100
324,097
337,334
13,237
3.92
8,198,094
8,380,252
182,158
2.17
266,353
269,067
2,714
1.01
365,059
368,165
3,106
0.84
366,389
369,405
3,016
0.82
3,015,650
3,038,290
22,640
0.75
3.9
2.2
182,158
2
14
3.9
2.2
182,158
1.5
-0.189
0.02
0.00
0.05
30
49
51
51
3,144
3,160
3,144
14,492
30
30
900
30
900
30
870
3
900
3
30
900
30
870
3,112
48
3,116
3,112
02013
13
7,271
02016
16
9,273
02020
20
6,965
11001
1
40,463
4
300,000
6,965
700,000
1
02
02013
02016
02020
11001
11001
11008
1
2020
3,152
2024
3,160
2024
2020
56
2020
2024
48
0
1960
6
2022
2020
02901
02940
2024
02001
02040
2020
2024
45.2
59.3
14.07
37.5
50.4
12.89
38.2
51.1
12.85
16.0
27.3
11.27
47.5
58.0
10.55
2024
2024
3,160
2020
3,152
3,104
2020
2024
11001
5.53
5.28
-0.25
2020
2020
344,356
2024
1
40,463
12
-0.25
1.53
3,104
11001
3,104
4
4
2020
2024
3,103
48
2020
2024
56
2024
2020
4
3,103
1
5
2020
11
40
2000
2002
2012
1984
2020
2024
5
2020
2024
1789
11001
11001
1
2008
2024
08
-24
10.5281
14223604
2024
2024
50
2000
2024
10.7910
2014
2002
2012
1984
38