2020
84
-355
2026
2002
8
2.5
5,445
299,535
500
90.7
500
53.5
37.2
2020
1997
2024
94
-171
1975
2026
-08
-11
3,143
84,414
239,780
8,132,968
331,449,281
8
2020
2010
77
2010
2020
2020
01
1
51
1977
010
00
00
000
00
0000001
0100000
9150526749046
698732674530
331449281
140498736
38.61252775
-92.39729495
00
78
97
3
010
3,143
84,414
46
010
00
00
000
00
0000001
0100000
020
00
00
000
00
0000002
0200000
1
1
030
00
00
000
00
0000008
0300000
3
3
040
00
00
000
00
0000031
0400000
20
2
010
020
030
040
149
000
01
0000001
331449281
297600338
204277273
41104200
372713
5
19886049
689966
27915715
33848943
31890339
3070341
3968096
269
1465
222433
19315952
392853
243711
45622
1036954
51011
11811
381
361
219347
187918
51464
1737832
384010
121221
16985
270044
93952
15677
402197
206093
126314
14222
12538
3083
27485
11674
13615
3
234
4008
4058
1205
6217
196582
33171
5499
88964
9580
12907
1619
17723
11793
1385
8846
1586
1374
361
1221
553
21685
8632
9141
113
7
1021
1309
445
2505
2505
331449281
62080044
269369237
255820254
191697647
39940338
2251699
19618719
622018
1689833
13548983
126
37189
2781839
3539935
2521775
198640
2284608
344276
224198
40790
354439
37784
8067
14766
197918
76457
11697
830158
303459
104194
14293
65741
72235
12094
17723
175677
19468
2224
9824
2438
7495
9342
7177
1365
2373
773
180
2083
71529
24056
3933
13875
7242
462
7
587
11703
1020
194
1617
1046
618
177
684
150
9103
5247
2604
34
8
433
244
227
1004
1004
144
6
331,449,281
78
62,080,044
8
204,277,273
204,277,273
235,411,507
8
31
71
1
31
32
32
235,411,507
331,449,281
1
6
62,080,044
1
78
191,697,647
1
81
13,548,983
1
87
204,277,273
1
8
235,411,507
32
1
1.256
2
010
040
2,832
13
51
0000001
8
1
0000001
5
204,277,273
235,411,507
63
31
31
2
1
2020
331,449,281
1
2020
5.5
57.8
18.7
12.1
622,018
0.19
8
9
2020
15
12
1977
15
5
1980
30
1997
62
58782
6
2000
29
2024
89
22182
7
2030
1977
1997
30
1997
62
58782
1977
2000
2024
29
2024
89
22182
7
6
2
1980
2
15
2000
1997
2030
1977
2000
1997
2000
3
3,727,135
9,666,058
2.59
2.30
31,134,234
1.15
3,727,135
4
100
2010
30
200
8.6
1.9
275.7
129.5
2010
22,703,743
16.3
18.7
2010
2020
1997
1997
2024
126,266,107
18.8
54.2
18.3
3.8
60.9
78,588,572
30.0
47.7
4.4
10.6
65.0
68,985,454
8.7
72.6
10.3
3.5
47.0
57,609,148
15.3
62.1
10.8
7.2
57.1
57,609,148
5
5
22.8
75.6
4
1
1
8
2.079
8
2.079
100
0
60.4
6
331,449,281
60.4
43.1
36.2
0.1663
0.2866
0.0007
60.4
43.1
33.9
13.1
17.1
1,793,561
47.8
37.3
6.6
3.6
57.2
6.2
3,143
7
1,793,561
47.8
627
307
279
1,507
81.6
201
80
125
80
326
51.8
156
90
22.9
2020
7
8
12
2,234
110,620
3
2.5
8
12
5,445
299,535
250
89.9
5.0
45.2
42.8
500
500
90.7
53.5
37.2
1939
3
8
6
8
3,143
3,143
4
2010
2020
19,275,992
8.6
7.4
1.9
4
29
2024
89
22182
6
7
8
2030
60.4
36.2
2010
2020
2020
2024
7
6
4
4
2020
6
6
2024
2030
2027
2030
2026
15
2020
2030
2020
94
-171
1
2
51
3,143
84,414
239,780
8,132,968
2026
-08
-11
2
2020
01
94
-171
2010
94
-171
4
2
2010
94
-171
2020
2
2020
15
12
1977
62
58782
30
1997
15
89
22182
29
2024
2020
12
2021
4
1972
2002
32
1
33
67
1988
67
2
281
315
2020
6
7
8