84
-355
2026
300,166
7.68
50
43
1
7
1
0
1
43
7
479,097
1990
1,616,437
50
2
2024
2
1
63
2
19,816
5,550
19,651
1,364
97,608
139,631
100,600
226,472
12,395
23,735
12,630
55,673
7,480
1,034,995
286,168
993,725
118,653
1
64
113
2024
181,056
227,437
3,824,042
5.95
97,608
26,078,138
0.37
0
1,095,863
0.00
479,097
19,161,407
2.50
300,166
399,684
5,206,668
7.68
616,437
4,049,978
237,630,249
1.70
19,816
5,550
0
19,816
5,550
19,651
1,364
181,056
227,437
5.95
97,608
0
0
0
0
97,608
0.37
0
0
0
0
0
0
0.00
139,631
100,600
226,472
12,395
0
479,097
2.50
23,735
12,630
55,673
7,480
300,166
399,684
7.68
30
139,631
100,600
30
28
28
50
0
30
49
1
0
0
0
100
40
50
139,631
139631
50
0.005
23,735
7,480
12,630
55,673
300,166
399,684
7.68
84,678
10,007
3,890
133,324
729,858
961,757
6.13
37,910
3,372
0
0
0
41,282
0.41
4,049,978
237,630,249
1.7
1,153,648
28.5
2,896,330
71.5
4,049,978
1.7
71.5
1,034,995
25.6
118,653
2.9
286,168
7.1
993,725
24.5
1,616,437
39.9
1,616,437
39.9
1
25,000
162
4,049,978
1
25,000
162
4,049,978
2,896,330
72
1,616,437
40
729,858
961,757
75.9
300,166
399,684
75.1
181,056
227,437
79.6
169,573
264,292
64.2
112,109
214,791
52.2
71,829
158,381
45.4
47,932
68,731
69.7
2,907
9,437
30.8
651
26,878
2.4
357
6,214
5.7
10
40
76
75
80
2
10
100
40
729,858
45
50
1.53
399,684
7.68
961,757
6.13
227,437
5.95
158,381
4.66
214,791
4.20
264,292
4.18
0
0.00
0
0.00
7,360
0.14
1,595
0.19
7.68
5.0
2
3
3
2
7.68
5.0
4,049,978
1.7
71.5
39.9
10
7.68
237,630,249
7.68
7.68
2002
39.9
1
4
2018
65
729,858
10
2002
67
6
777
803