84
-355
2026
2006
535
2017
146
1879
2025
46
1879
38,643
1879
2025
13
13
13
6.2
1
2
1
2
22
51,062
119
119
21921
21
4
100
000586
1956.0
-0.439
-0.875
-23.37893
0.9574
537
8
-0.454
-0.845
119
99912
99
0
200
0
0
1946.0
0
403
0.162
119
92336
71
3
328
000401
1985.0
0.158
0
376
-33.9344
0.80672
158
12
0.158
0.372
100
200
328
200
200.0
1,669
1,669
1
52
6682
100
-0.430
59
9727
200
0.332
80
2087
200
0.395
99
15036
100
-0.176
107
29134
100
-0.491
0.0
0.0
0.0
0.0
0.0
0.3
1
0.4
100.0
1
2
119
2025
4
-0.439
-0.875
22
12,419
129
53
53
119
100
200
100
200
7,169
100
200
148
1789
51,062
13
38,644
38,643
1
2
119
2025
-0.764
0.311
119
2025
-0.746
0.666
119
2025
0.163
-0.043
119
2025
0.891
0.454
119
2025
0.972
0.234
1
1
1
38,643
31,317
7,326
46
119
1879
2025
119
2025
449
-0.396
0.530
0.925
1
2025
2
1967
1997
2025
90
1967
-0.343
0.241
0.584
100
1987
-0.320
0.346
0.666
110
2007
-0.379
0.426
0.805
119
2025
-0.396
0.530
0.925
0.584
1967
0.925
1879
119
2025
0.925
118
2023
0.893
115
2017
0.889
80
1947
0.498
78
1943
0.532
76
1939
0.534
0.498
1947
1890
0.852
1895
1890
103
1993
5
104
1995
3
105
1997
5
106
1999
4
107
2001
2
108
2003
0
109
2005
0
110
2007
0
3
1981
196
2001
2
1950
107
2001
2002
2
1879
1919
-0.343
-0.396
-0.053
0.241
0.530
0.289
1967
0.053
0.289
5.5
0.584
0.925
0.342
0.587
0.917
0.331
0.584
0.925
0.587
0.917
0.331
0.342
-0.053
0.289
107
-0.044
0.286
108
4
1879
2025
1
535
2017
5.5
2
1947
0.561
1967
0.487
1987
0.406
2025
0.315
2
0.561
1947
0.315
5
78
1
1
0.561
1947
0.315
2025
1947
2025
1
6,936
8
1
1985
1997
5.5
1967
1879
535
0.584
1967
0.925
1879
108
0.587
0.917
0.584
0.925
1
46
1879
1985
29
2
357
384
1997
2006
2017
1877
2011
61
3
698
714