1
1
84
-355
2026
1
1
9
9
9
6,461
1
1
1
30
2024
9
9
34
1
9
10
2026
9
584,463
2020
2020
2002
9
56
1
9
6,461
2
2024
12
2026
1
1
17,013
6,461
6,461
6,461
535
535
1
1
9
1
1
9
0100100000
1822
-99
14
0100300000
8902
-99
187
1314500000
1153
1037
10
1,822
14
99
1
18
24
18
24
6,461
67
140,558
0
1,779
159
327,241
273,512
4,761
1.74
254
463,200
398,270
14,049
3.53
1851
614,367
575,257
2,823
0.49
99
67
1,779
6,461
535
56
8
99
88
1
6,131
9
6,361
6,461
6,461
56
535
6,461
247
361,604
1,464
497
842,447
1,695
1851
3,434,185
1,855
1
328,871
328,871
1
340,981
340,981
1
1,283,628
1,283,628
1,851
254
1,464
278,695
158,211,780
6,449
99.8
177,708
6,451
99.8
66,867,671
6,445
99.8
47,957,093
6,131
94.9
932,533
5,843
90.4
584,463
6,361
98.5
1,736,209
5,654
87.5
1,199,465
5,621
87.0
436,258
5,162
79.9
158,211,780
177,708
66,867,671
99.8
79.9
99
88
66,867,671
47,957,093
18,910,578
584,463
1.22
1.22
66,867,671
66,867,671
80
100
2
66,867,671
47,957,093
18,910,578
47,372,630
584,463
114
34
80
100
40
100,000
99
103,025
4,477
4.35
398,270
14,049
3.53
120,400
4,076
3.39
2,081,265
63,561
3.05
862,737
25,750
2.98
237,565
467
0.20
1,607,247
3,432
0.21
215,753
511
0.24
747,040
2,796
0.37
4.35
0.20
22
100,000
4
3
40
100,000
1.22
4.35
0.20
22
4
197,979
33.9
103,441
17.7
1
82,366
14.1
54,659
9.4
53,511
9.2
22,175
3.8
197,979
33.9
82,366
584,463
581,498
2,965
2,965
584,463
6,093
103,441
5,284
54,659
5,026
12,018
2,072
1,221
1,959
635
845
1,211
6,361
845
197,979
3,222
6,461
85
25
50
4
6,461
85
25
197,979
50
80
100
9
6,361
98.5
1
6,131
94.9
230
3.6
230
2,272,911
140,558
0
1,779
1,820,891
129,996
0
2,642
12,610
1,168
0
13
1,225,176
28,558
0
0
4
5,331,588
140,558
1,779
3
3
22
40
1
1,736,209
1,199,465
436,258
25.1
79.9
436,258
66,811
51,128
76.5
12,715
9,574
75.3
22,095
15,945
72.2
49,911
34,158
68.4
15,138
352
2.3
150,002
4,239
2.8
119,249
7,859
6.6
33
10,000
3
2020
2
1
80
100
4
99
88
584,463
436,258
1
2024
2
6,461
535
2
1
1
1
2024
1
1
9
9
2024
-04
2024
508
10
2026
-2024
1
9
2020
19
3
289
320
2020
73
1
65
78
2014
2011
14
353
378
2020
6,461
535
99
88