2026
84
-355
2026
2026
2026
433
433
2024
418
96.5
33
2018
2016
1974
1990
2026
2
2026
33
2024
433
433
433
33
2026
33
537
36
2
1987
-02
-16
3
1969
-07
-23
435
100
537
2
2026
2024
2.2
537
100
2026
33
24
33
2026
2026
2024
2024
2.2
24
2024
2026
33
20
13
2024
3
33
20
13
2020
3
2024
2024
1.42
2.20
-6.94
2024
1
33
2026
33
2024
3
2024
15
16
48
2024
14.7
2024
5
5
16
33
2024
14.7
2
2026
2024
16
33
14.7
2024
21
12
3
3
33
3
2026
433
2024
433
418
96.5
418
433
96.5
15
15
3.5
2
35
26
74.3
5
90
75
83.3
10
175
160
91.4
15
268
253
94.4
2
398
392
98.5
5
343
343
100.0
10
258
258
100.0
15
165
165
100.0
3
4.0
100
357
343
343
100.0
83.3
15
3.7
-28
46.31
-09
46.61
-13
47.21
-03
47.33
-34
47.77
-03
48.30
-01
48.44
-08
48.99
-02
49.03
-09
49.08
-09
49.41
-03
49.62
-01
50.16
-17
50.28
-02
52.34
418
4
15
418
43.5
55
3.7
5
433
15
96.5
100
96.5
2026
33
15
2024
16
100.0
5
15
12
100.0
5
5
83.1
2024
2024
1.42
2.20
-2.78
3.21
-4.24
5
33
2024
1858
96.5
2024
90
20.8
2026
5
1980
15
2024
1974
1990
33
90.9
2024
2013
2000
23
433
433
2024
2026
2026
2
433
5
96.5
83.3
90
2026
2024
2026
2024
2016
21
41
12
22
2013
28
4
501
546
1990
34
4
1142
1164
2018
1974
6
3
295
317