84
-355
2026
270
2024
19
48.66
50.37
0
1.71
1.71
45.76
2020
3
54
51
2020
538
51
51
2024
2024
51
2024
34.10
64.57
2024
58.47
38.33
9
3
11
6
54
10
7
3
3
30
16
4
4
19
11
6
6
8
33
538
51
7
7
1
5
9
34.10
64.57
0
7
7
30.47
54
58.47
38.33
0
1
5
-20.14
20
0
9
0
11
0
8
0
42
51
0
1
538
51
51
538
20
9
100
0
42
51
100
0.5
3.8
1
51
100
9
42
1
100
100
9
1.34
42
2.06
42
2.06
1.34
9
2
30
10
-83.8
2
2024
30
10
51
-83.8
-83.8
45.8
130
30
10
-83.8
1.8
45.8
51
30
50
2.0
50
3
51
30
50
10
1
2.0
50
10
1
-83.8
45.8
130
25.8
90.3
64
130
64
4
51
2.0
4
51
50
130
64
2.0
70
30
60
40
20
10
270
226
312
312
226
538
2024
4
-6.94
5
20.46
4
270
54
54
-20.1
40
94
13.7
30
124
13.1
28
152
-12.4
19
171
-10.9
19
190
1.7
17
207
11.3
16
223
2.2
16
239
3.2
15
254
1.4
14
268
-5.9
13
281
-5.8
12
51
12
270
12
5
4
5
8
17.8
4
12
270
19
48.66
50.37
1.71
16
48.53
50.73
2.20
16
47.65
50.86
3.21
15
48.31
49.73
1.42
10
50.92
46.68
-4.24
10
48.74
49.60
0.86
6
47.49
50.59
3.10
4
50.65
47.87
-2.78
8
96
17.8
5
64
5
5
8
2
3
54
226
312
86
264
274
10
86
10
6
20
51
6
132
94
20
51
0.99
538
538
2024
8
17.8
12
270
2024
76
2004
5
2004
1
1
8
2024
51
270
42
51
100
2024
5
538
8
96
2024
2020
2004
2004
34
4
657
674