84
-355
2026
4,531
21
127,560
6,145,992
6,657,135
4
21
6,657,135
28
50,227
1953
1975
1943
1978
1994
22
21
1.2
21
-17
-17
1975
6,657,135
21
6,657,135
28
6,657,135
6,653,955
3,149
6
6,657,135
6
6,145,992
6,657,135
511,143
4
4
4
4
365
20
19
20
365
5
20
100
200
41.1
23
2
120
20
1
20
41.1
23
97
50
20
5.1
20
99.9
23
183
183
120
99.9
100.0
100
366
99.99
20
20
20
19
190
365
1
10
45
11.7
20
190
41.1
23
253
50.7
50
1,225
97.0
100
4,950
99.9
366
66,795
100
100
99.9
100
1
366
21
6,657,135
6,145,992
6,657,135
6,653,955
3,149
6,329
3,212
4
6,329
0.10
3,119
29
1
3,212
6,657,135
6,657,135
2
6,657,135
18,421,684
398,104
3,212
1,447
124
127,560
954
0.75
15
55
3,212
3,149
2,255
894
4,531
3,212
2,287
3,149
2,255
72
894
894
2,255
3
3
332,857
3.1
100,000
6,657,135
48.2
16
3
2.08
2
2012
45
4
34,522
1
1.90
29
1
1
1800
13,282
1800
4
366
0.5
1800
3,212
3,127
2
3
1900
1900
4
1800
1800
-01
-01
5
6,657,135
1930
2005
1800
13,282
0.97
1.04
1950
1970
79
1900
1652
1776
7,980
100
566
110
659
18
17
13,282
1800
-01
-01
2
18,421,684
13,282
0.20
85
2.6
20
0.0
20
0
0.20
2.6
13
6,657,135
13,282
0.0
0
85
4
1
1930
1
1.17
1.90
2012
14
366
3.3
2007
3.71
2012
14
3.28
1.13
15
2
2008
2004
884
95
300
500
2004
4
5
4
366
0.5
14
1.3
2005
2019
2012
45
2013
1,395,074
15
2020
100,140
2012
4
34,900
70
-75
2012
10
4
7
4
1,476
2012
4,000
4,000
32,890
129
2012
25,987
10
7
1,476
97
99.4
99.5
300
300
1
2,500
10
26,000
2019
1
2
3
6,657,135
21
127,560
884
124
3
6,329
21
11
2026
6,657,135
11
2026
127,560
2020
114
2
456
469
10.1017
000305541900087
14
300
2008
2004
2007
457
459
3
-7
-38.2
-5
2
937
3
944
7
2019
5
1
100
1.0
153
1
366
3