84
-355
2026
2,656
2,656
1
2
159
159
2020
458
2020
159
2024
403
2020
2024
159
2017
4
2020
159
31,872
4,998,482
4,998,482
2024
2258
1559
166
124
401
290
1
4
0
897
291
60
52
138
5
60
159
23
1
883
306
56
165
73
166
124
93
31
124
25.00
401
290
141
148
289
51.21
351
234
120
111
234
48.05
270
207
137
69
206
33.50
1,070
704
406
293
702
41.92
5
27
60
1
12
7
12
0
5
60
2,656
31,872
2020
2024
2020
2024
2020
2024
2024
31,872
4,998,482
4,998,482
1
1,309
995
116
870
993
11.76
1
848
642
44
594
640
6.90
2
2,251
1,457
908
531
1,448
63.10
159
2656
3
23
31872
2,656
159
2,653
1
25
865
1,629
75
2,528
15,531
3
15,531
1
15,531
15,134
11,885
11,771
11,757
11,693
5,509
384
524,659
191
370,804
156
413,865
145
393,746
1
4,668
1
5,706
1
11,771
16
87,616
36.4
1,888
1,453
384
2,474,507
2,461,837
62,138
4,998,482
12,670
2,656
2020
12,670
4,998,482
2,694,879
53.9
1,316,943
26.3
975,540
19.5
11,120
0.2
19.5
2020
2020
1,250,509
1,419,161
46.8
849,729
451,157
65.3
367,205
587,697
38.5
7,064
3,822
64.9
65.3
34.7
61.5
38.5
12,670
27
1
2020
53.9
19.5
0.22
38.5
65.3
220,492
168,652
398,572
12,670
12,670
159
2020
2020
2,461,837
2,461,854
17
2,474,507
2,473,633
-874
159
104
65.4
2,753
12,670
11,779
-891
104
159
65.4
2,753
891
12,670
11,779
11,779
2020
159
0.055
381,144
380,212
-932
-0.245
29,123
28,906
-217
-0.745
241,827
241,994
167
0.069
73,276
73,443
167
0.228
12,008
11,917
-91
-0.758
49,529
49,446
-83
-0.168
47.9
2017
19.5
2020
27
12,670
65
891
2020
2,753
0.055
2,656
159
16
27
159
891
104
3
2020
3
159
10.7910
66
3
2017
81
1
385
400
2005
67
2
365
389
2020