84
-355
2026
8
1998
2000
1990
8
8
2008
17
425
17
36
106
260
425
57
46
106
130
64
8
172
73
17
57
3.35
36
46
1.28
106
106
1.00
260
130
0.50
425
64
0.15
8
3
8
37.5
17
17
57
36
46
17
17
57
36
46
106
106
260
130
425
64
8
5
3
8
17
57
3.35
3.35
36
46
1.28
1.28
106
106
1.00
1.00
260
130
0.50
0.50
425
64
0.15
0.15
1
2
2
1
3
4
4
5
5
3
17
46
17
3.35
36
1.28
106
1.00
260
0.50
425
0.15
-1
-1
1
-1
3
250,000
5,434
4,385
3,906
2,358
1,923
250,000
5,434
1,923
2.8
10,000
460,000
570,000
30,000
1,380,000
1,710,000
100,000
4,600,000
5,700,000
46
250,000
5,434
250,000
46
5,434
46
25
1,000
694
4,519
2,000
1,388
4,653
4,000
2,777
4,921
7,826
5,434
5,434
12,000
8,333
5,434
7,826
46
2,000
4,653
5,434
57
46
250,000
2
250,000
5,434
7,826
46
25
0
46.00
57.00
10
60.40
57.00
15
67.60
57.00
25
82.00
57.00
7.64
1
250,000
15
3
250,000
15
15
7.64
425
25
2001
1979
2014
3
3
5
2018
49
2018
2012
7
8
8
8
25
3
7,826
7.64
2024
5
2018
6
4
733
751
2014
345
6203
1502
1505
2000
94
3
653
663
2008
102
1
33
48
2001
9
4
385
392
2005
99
2
283
300
2018
49
112
1
148
166
1979
86
3
638
641