1973
2024
84
-355
2026
1972
33
51
1975
2024
1973
427
13
33
51
33
1973
2024
24.1
1973
1990
3
1975
13
427
570
75,699
1973
1973
1
2
2
1
0.7229722
1973
2
1
1
1
1.4825919
1973
3
2
2
2
0.7921651
1973
4
2
2
1
0.7814606
1973
5
2
2
2
0.7412959
1
2
3
2
1
2
1,504
1973
1458
24.1
60.6
15.2
1,458
1,504
46
1973
2024
2
1
2018
1973
24.1
1973
1458
24.1
60.6
15.2
100
1,458
1973
24.1
13
33
1973
2024
427
819
2,662
1990
1973
1458
24.1
60.6
15.2
1980
1408
9.6
56.2
34.2
1990
869
16.6
60.8
22.6
2000
1803
14.0
56.9
29.1
2010
1347
11.0
47.9
41.1
2018
1523
6.2
47.6
46.2
2024
2148
5.6
42.5
51.9
24.1
5.6
15.2
51.9
1973
24.1
15.2
100
1
1973
2024
100
1974
2014
60.6
42.5
2012
13
13
13
1973
33
-28.6
1973
33
-20.2
1973
33
-18.5
1973
33
-17.5
1973
33
-17.4
1975
31
-15.7
1973
33
-15.7
1973
33
-15.7
1973
33
-13.4
1973
33
-10.4
1973
33
-4.8
1973
33
1.3
1973
33
10.6
28.6
10.6
2
2
1973
1975
2024
95
12
13
1
1.3
4.8
10.6
2024
1973
2
1973
32.7
17.2
1980
29.5
17.5
1986
32.3
13.3
1991
63.1
5.6
2000
42.0
9.7
2008
51.6
10.9
2018
62.2
6.8
2024
43.3
11.6
63.1
1991
43.3
11.6
31.7
36.3
12.0
24.3
26.3
19.8
6.5
19.8
25.8
-6.0
18.6
36.7
-18.1
17.5
23.3
-5.8
17.0
24.6
-7.6
15.5
34.9
-19.4
15.0
24.3
-9.3
12.1
46.4
-34.3
8.2
48.1
-39.9
7.5
55.0
-47.5
5.6
51.9
-46.3
5.6
18.6
36.7
3
13
1973
2024
16
55
1973
6
43
1973
2024
10.6
2018
1
1973
13
2021
2024
51
13
1990
3
2
2021
13
1973
1973
2024
427
2018
21
49
70