84
-355
2026
1948
1864
2024
1948
10.09
2.62
87.17
1948
10.1
41
1876
1872
2020
19
1913
1864
41.40
58.60
1948
79.75
19.04
1864
1948
1864
41.4
58.60
1948
19.04
79.75
19
19
1,365
100
2
1913
1872
2020
1,913
41
1864
2024
25
51
25
1864
51
1864
25
1,365
1,913
100
1912
1968
1992
1948
1912
41.81
1924
57.20
1948
19.04
1964
69.45
19
1912
1948
1964
1948
1964
1
1
1864
2024
1964
1984
1924
74.0
32.3
41.7
1948
69.0
51.4
17.6
1960
54.0
48.1
5.8
1964
47.9
63.1
-15.2
1976
55.9
49.1
6.8
1980
48.0
42.5
5.5
1984
38.0
40.2
-2.3
2024
41.7
49.1
-7.4
41.7
1924
17.6
1948
1964
1976
6.8
1980
5.5
1984
-7.4
2024
11
17
1924
41.7
35.4
1948
17.6
13.6
1960
5.8
4.3
1964
-15.2
-9.5
1976
6.8
6.6
1992
-3.7
-2.0
2024
-7.4
-8.0
2
2
41.7
35.4
1924
41.7
35.4
1964
-15.2
-9.5
1964
1984
1960
1960
56.41
42.18
57.43
1960
36.34
24.67
38.99
1960
1892
18.34
1924
21.41
1960
5.83
1988
7.95
2012
12.01
2024
12.05
5.83
1960
12.05
2024
3
1924
2024
3
2024
1924
2024
12.1
21.4
1924
1924
2024
1900
14.5
60.0
1924
21.4
71.8
1936
12.3
59.9
1948
9.8
55.5
1960
5.8
17.5
1964
11.0
31.0
1976
7.7
13.4
1984
8.8
1.1
2000
10.9
3.2
2012
12.0
6.6
2024
12.1
6.5
1940
77.2
2024
6.5
1924
71.8
2024
6.5
1924
2024
93.5
4
1964
4
77.2
1940
6.5
2024
1960
33
50
66.0
1976
31
51
60.8
1992
27
51
52.9
2008
15
51
29.4
2020
14
51
27.5
2024
13
51
25.5
33
1960
13
2024
1960
66.0
25.5
5
18
5
18
48.8
2000
31.9
1904
1920
1936
1972
18
48.8
2000
31.9
1960
2024
1964
1984
1960
77.2
6.5
1900
2024
-1877
1989
1960
2018
1958
1980
1
1949
2
4
41
19
1948
1964
25
51
1912
1968
1992
1960
-1877
4
5
2024
1960
1989
1949
2018
108
10
2830
2867