84
-355
2026
14.8
17,403
1946
2024
2014
50
2014
1
101
1
31.8
1
18.2
2014
1
102
1
32.6
1
17.4
2014
1
104
1
1
2014
1
105
1
1
100
1974
2,568
40
40
1946
2024
17,403
435
1946
2014
2016
2024
17,403
15,228
2,175
2014
5
14,777
30,005
2012
37.70
37.70
37.70161
2024
2024
1
258,619
70,929
306
2
131,414
158,041
219
3
243,848
5,160
190
1
70,929
258,619
21.52
2
158,041
131,414
54.60
3
0
243,848
4
0
274,498
5
0
250,322
6
102,504
243,741
29.60
7
186,723
106,312
63.72
3
4
5
5,160
100
5
2
134,616
53,628
2
134,616
112,597
247,211
39.98
23.28
2
24
4,785
4,715
70
5
50
20
50
1946
20.2
2024
8.7
6.2
1996
23.9
1950
2,221
2,568
20.2
1946
8.7
2024
6.2
1996
21.8
2,568
2,221
86.5
86.5
20.2
1946
8.7
2024
1946
20.2
64.8
6.1
1958
23.2
79.2
5.2
1970
14.5
41.5
5.8
1982
13.1
28.4
7.5
1994
12.2
24.0
7.4
2006
13.6
19.8
10.9
2014
17.7
30.4
11.8
1946
64.8
6.1
1946
64.8
11.3
6.1
7.5
58.7
5
1946
20.7
2024
15.4
5.1
2004
20
1946
14.7
2024
19.3
36.3
1986
20.7
15.4
5.1
2004
22
435
36.3
1986
1
1
50
29
1940
18
2020
9.6
13.2
17
23
2000
11
1980
37
1946
0
1948
0
1950
0
1952
19.1
100
1954
23.0
100
1956
30.6
100
1940
3
1962
1966
90
1952
1952
19.1
2024
4.0
54.8
1974
3.9
2020
5
54.8
3.9
1974
2020
26
78
2
2
78
40
58.7
3.8
5
78
86.5
2014
2004
2014
0.03
2,260
2006
2008
3
2004
1
2006
1952
1946
5
2,568
2024
1946
2014
2004
2024
1974
6
3
295
317
1974