84
-355
2026
1972
22
403
200
163
7
9
1
2
3
4
5
6
7
9
0
1972
0803
0804
1986
6
3
1990
2
1
2016
2
1
2020
4
2
2024
4
9
9
0
12,457
13,772
47.5
4
25.2
7.7
52.0
39.4
33.3
21.4
17.0
20.5
23.0
27.7
48.4
36.4
1
-7
3.7
3.5
25.2
7.7
39.4
52.0
27.7
23.0
1
1972
2024
1972
28.2
2024
13.2
15.0
26.9
21.8
11.0
9.1
0804
1
1
1,237
2
1
4,748
3
1
4,743
4
1
118
5
1
35
6
1
14
7
1
1
9
1
88
1
2
3
2
2
32
3
2
68
4
2
12,075
5
2
95
6
2
32
7
2
5
9
2
222
1
3
1
2
3
6
3
3
18
4
3
144
5
3
6,412
6
3
7,387
7
3
1,556
9
3
107
9
9
9,568
0303
1972
0009
12,457
1948
2024
5
2026
9
1964
2012
2017