84
-355
2026
418
16
2023
24
48
255,000,000
16
2024
2010
2024
73,449
48
1
16
19
73,449
1
1
23
73,449
4
08034
00866517
08
9000
9000
-8
1845617
2
2833410
40
9
5
202410319719900778
31
-24
2024
30
-24
31
30
73,449
46.94
94.5
2.73
5.5
2.02
42.4
2.73
57.6
73,449
23
4
2
2
100
9
9
100
2024
73,449
49.67
46.94
94.5
2.73
5.5
49.67
94.5
5.5
9,978,412,568
300
9,778,412,568
300
9,000,000,000
300
7,959,594,848
6,347,882,325
579,874,829
255,000,000
73,449
100
16
0.022
90.4
16
0.02
90.4
300
255,000,000
1
1707511
418
255,000,000
7
16
114,056,874
1848231
114,056,874
1848231
114,056,874
1848231
114,056,874
1848231
9
114,056,874
9
1.03
16
94.5
5.5
73,449
94.5
16
46.94
94.5
2.73
5.5
16
2.02
42.4
16
2.73
57.6
49.67
4.75
94.5
16
57.6
52.1
49.67
94.5
2
16
73,449
49.67
94.5
16
4.75
57.6
100
114,056,874
100,000,000
50
100
0
50
100
16
9
16
42.4
57.6
9
52.7
47.3
1.03
9
16
774,873,664
575,335,872
42.6
151,181,614
184,751,859
55.0
70,029,103
85,972,524
55.1
26,423,342
117,991,162
81.7
102,282,214
24,689,371
19.4
15,637,794
110,745,340
87.6
92,494,275
18,784,518
16.9
29,999,116
80,978,198
73.0
3
12
81.7
87.6
315,312,780
949,275,808
75.1
11,990,012
25,763,543
68.2
1,184,801,494
913,938,021
43.5
75.1
43.5
505,077,660
0.1
385,879,049
85.0
315,025,998
92.3
241,069,108
91.0
216,787,366
92.7
211,093,033
94.9
185,528,851
43.4
160,506,476
32.6
4
25
13
1
151,181,614
184,751,859
55.0
92,494,275
18,784,518
16.9
7,710,633
48,558,287
86.3
2,670,887
17,010,063
86.4
2
447,212,266
45.5
55.0
55.0
45.5
9
2015
75.1
16
90.4
9
16
73,449
4.75
49.67
16
94.5
57.6
418
1
2024
73,449
73,449
1707511
24
1
1707511
418
10
2026
1707511
255,000,000
2015
2003
17
1
105
130
558
310
2010
424
1
1976
24
1
19
73,449