84
-355
2026
1992
15
3
12
3
3
12
1992
-2061
3
3
12
3
4,752
14,873
1986
225
4
211
5,033
14,874
35,199
3
-9826
38,199
3
-9826
8198
2006
-0044
4,750
9
5
1,811
902
49.8
3,318
372
11.2
846
127
15.0
2,812
1,330
47.3
4
571
4,756
31.9
1992
211
211
5,033
1,205
26
1,811
902
49.8
3,318
372
11.2
49.8
11.2
4.4
1,811
902
49.8
3,318
372
11.2
846
127
15.0
2,812
1,330
47.3
1
211
49.8
11.2
47.3
15.0
2.5
3.8
1992
15
3
12
6
6
3
6
15
3
3
2
15
1992
6
3
3
4
4.4
15
3
6
3
4.4
23
211
4.4
1992
211
0.05
99
0.05
211
10.6
99
211
10.6
211
9
211
99
10.6
211
9
211
0.05
0.04
0.11
0.03
0.05
2,000
0.05
99
10.6
3.5
0.01
51
15
10.6
9
3.5
10.6
28
9
15
211
0.05
3
0.005
0.2
2,000
3
0.05
0.005
0.2
95
2,000
99
3.5
4
4
15
51
211
0.01
210
4
2003
-0071
15
15
21
0
1.8
-10
1998
-0011
17
14
29
3
1.5
-06
2003
-0071
16
11
20
0
7.3
-06
1.8
-10
2019
2
1
4.4
1992
1
2022
1
47.3
4,752
14,873
1
1992
211
28
2
225
211
1
476
79
1986
588
2019
2012
173
97
1531
1559