84
-355
2026
6,663
10,771
312
2020
2024
2024
17
2024
1
2024
1
921,108
2
0
0
0,103
1
10.5
1
724
67
0
0
0
0,791
8.47
2
541,782
1
3
0
0,132
7
59.11
159
2024
2020
1
108
921
1,029
10.50
1
67
724
791
8.47
2
782
541
1,323
59.11
2,701
2,684
159
159
14
14
1
1
1
17
2,701
2,684
17
158,211,780
2024
177,708
6,461
3,144
434
51
1
158,211,780
340,778
926
65.2
115,127
5,286
340,778
926
65.2
5,286
24,386
6,663
39,684
13,890
2,701
177,708
340,778
0.215
158,211,780
2024
2024
2684
48.90
24.68
3.4
100.0
159
48.90
20.64
8.0
84.8
14
49.78
18.45
31.2
86.4
1
48.89
0.00
48.9
48.9
48.90
2,684
48.90
159
48.89
49.78
14
24.7
20.6
3.4
100.0
8.0
84.8
2
2024
2,684
159
14
48.89
24.7
20.6
2,701
159
0
159
159
-11
159
159
-7
3160
-10,874
3160
-7,781
2,701
11
3,160
10,874
0.0145
44
37
1
9
7
40.7
48.9
8.2
48.4
49.2
49.8
58.0
849,729
1,624,778
2,474,507
34.3
451,157
2,010,680
2,461,837
18.3
16,057
46,081
62,138
25.8
34.3
18.3
64.5
44.1
1953
0
100
3
2,653
2020
44.1
64.5
0
100
100
194.0
64.5
129.5
0.60
2653
0.599
194.0
64.5
15.2
98.4
159
0.760
233.4
64.5
6.6
99.4
233.4
39.4
0.599
0.760
2,653
159
500
2,653
2653
0.599
159
159
0.760
159
500
159
0.605
0.439
0.739
0
500
0.605
0.599
0.760
500
4
159
0.599
0.760
500
1953
15.2
98.4
6.6
99.4
4,293
4,631
92.7
102.1
9.4
129.5
158,211,780
2024
1864
194
1950
5
2,701
159
2,684
159
30.1
6,663
39.4
1986
2
3
1991
3
1997
2024
340,778
926
2
129.5
2024
2020
2024
1864
2024
2024
-20
6
2024
1950
15
3
351
357
1953
18
6
663
664
1953
18
6
665
666
1959
64
6
610
625
1984
38
1991
15
6
673
711
1997
478
30
1986