84
-355
2026
2024
12
20,000
1995
2012
24
1,500
2024
773
1995
2007
2
2
302
116
-100
-475
-9
3
-37
3
78
5
2
2
20000.00
24
20,000
2
2
2
4
20000.00
575,000
2
1
360,000
1
1
322,750
7
4
2
2024
19,016
1,500
7.9
25
7.9
1,500
0
323
1,177
5,000
30,000
1,800,000
323
1,500
5,000
1,177
10,000
919
78.1
5,000
1,022
86.8
78.1
30,000
1
5,000
111
1,177
30,000
20,000
10,000
49.0
20
150,000
1,500
80
2
-2
1
12
20,000
2
15
1
2
3
17
4
18
4
558
47.4
17
770,000
47.4
770,000
17
395
271
184
154
116
112
111
109
72
69
2511
2492
145
141
118
108
100
93
2,511
2,492
145
3
14
14
1,500
395
2,511
2,492
145
773
216
27.9
216
773
27.9
2016
-2017
1997
2002
-2006
1998
-2001
2001
-2002
216
27.9
216
2009
98
7.9
2
2024
-2
2
302
116
-100
-475
-9
3
-37
3
78
5
2
2024
10
2026
302
116
-100
-475
-9
3
-37
3
78
5
2012
102
7
3731
3748
2009
-2
2
19,016
7.9