84
-355
2026
51,976
9
49
2024
740,530
58.7
886
647,703
886
2.2
65
1
3,109
1
2024
3,109
48
2,661
85.6
85.7
448
14.3
1
2024
50.8
49.2
1.6
1
51
51
51
2008
2024
31.9
208,983
0
40
30
324,097
8
11001
1
8
325,869
2022
9
2024
9
11001
1
40,463
285,406
2020
9
3,100
3,109
1,728,971
3,109
40
30
40
324,097
4
516,701
7
285,406
840,798
0.5
1
11001
1
36882
2056
40463
11002
2
33571
2982
37959
11003
3
39521
3544
44584
11004
4
38628
2511
42403
2024
5
11001
158316181
18709785
152
-77.11976
38.93434
-77.11253
38.94006
-77.11248
38.94010
-77.10450
38.94641
148
152
11001
1
40,463
325,869
12
285,406
2
11001
294,185
21,076
325,869
158.3
152
11001
686
1239
389
11001
686
1240
386
11001
686
1241
387
11001
686
1244
389
1,440
3.2
01001
1001
2022
9
9
9
9
8
40
208,983
66,609
31.9
2,661
85.6
448
14.4
6,560,363
85.7
1,095,131
14.3
2020
162,136,344
49.8
163,518,331
50.2
77,475,680
51.1
73,995,056
48.9
85.6
85.7
49.8
0.085
0.015
5.7
5.7
-1
25.6
2
2024
3,109
1
25.6
98.6
10.1
52
3,109
96
3,606,971
37,573
2
2,661
3,109
1
2
85.6
85.7
2,661
3,109
3
3
3,109
1
2024
66.1
7.8
92.0
96.1
3.9
85.6
85.7
51.1
51.1
77,475,680
73,995,056
448
1
48.9
14.3
161
6.6
2,948
93.4
12,449
1,581
161
3,109
6.6
1
2
1
4
2024
3,109
0.0339
276
3,606,971
10.4
376
50.8
50.8
4
1
1
2
3
4
2
4
98.6
99.9
50
52
254
404
45,255
5.0
2.4
4
4
5.7
37,573
51
155
0.03
93
1
4
3,109
77,475,680
73,995,056
1.6
1
3,160
3,235
3,109
8
285,406
2022
9
2024
2020
3,100
3,109
1,728,971
51
1,126,204
1
2
2
50
4
10.4
376
404
4
5.7
31.9
208,983
7
0
2.0
0.5
3
2024
85.6
85.7
51.1
3
2024
2008
-2024
08
-24
2024
3,160
2024
1
5,000,000
2
2024
2024
5
2026
-08
-11
2,982,952
3,235
2020
2
2020
2020
2026
-08
-11
3,221
1996
59
4
2004
94
1
58
-73
1991
1984
79
387
531
-554
4
3