84
-355
2026
2024
23
23
12
0
12
2024
12
2024
2024
-07
-22
2,532,334
2024
12
1
20240101
20241231
2024072000
91314
2024072100
1501857
2024072200
2532334
2024
-07
-20
91,314
2024
-07
-21
1,501,857
2024
-07
-22
2,532,334
4,391
2024072000
00
12
12
366
4,391
4,392
145,799,659
12
4,391
4,392
5
2024
12
1
4,392
12
366
5
12
1
366
5
2024
43,122
4,260,085
6
99
43,122
4,260,085
99
2
2024
366
26.3
6
4,260,085
43,122
2
2024
43,122
6
4,260,085
99
10
30
27.0
41.5
53
39.3
60.1
18
2024
33.6
46.8
37
22.3
35.1
74
6.9
16.0
132
63.2
78.9
7
2024
18
53
2024
132
18
3
12
6
11,275,391
25.9
5
3
2024
2024
-07
-18
120,798
10
2024
-07
-19
130,796
11
2024
-07
-20
91,314
7
2024
-07
-21
1,501,857
121
2024
-07
-22
2,532,334
204
2024
-07
-23
1,588,200
128
2024
-07
-24
964,676
78
21
91,314
20
2,532,334
22
204
2024
4
2024
23
1,021,207
6
44400
1,242
3,811,244
6
3067
23
1,242
5
1,050
12
23.9
44,400
6
5
10
2024
2024
-09
-07
2,501
10
2024
-09
-08
3,399
14
2024
-09
-09
14,568
60
2024
-09
-10
25,353
105
2024
-09
-11
57,339
237
2024
-09
-12
51,078
211
2024
-09
-13
56,073
232
2024
-09
-14
43,694
181
242
57,339
11
237
174
3,984
13
9
14,568
60
6
9
14,568
242
60
57,339
11
6
10
2024
242
2024
57,339
11
2024
3,811,244
6
1,242
3067
2,782,082
6
43,000
65
2,532,334
22
12,417
204
1,021,207
6
23
44400
3,811,244
6
2,782,082
7
1
7
252
366
98
5
7
1
21
8
194
21
107
57
21
107
164
3067
6
18
99
237
1972
2016
2009
2014
2014
0
2024
9
2024
1
31
2024
1
20
0
2024
9
1972
36
2
176
187
2014
24
1
45
72
2016
5
22