1858
2024
84
-355
2026
1866
1960
1975
1988
2010
1789
59
84
39
1858
435
5
4355
999
36
2018
1
116
116
2019
-2021
116
2019
-2021
1
435
5
1
235
1
199
1
0
1
5
1
435
5
235
199
435
5
116
2019
-2021
4355
235
199
0
5
1
999
435
5
4355
435
437
2018
116
435
235
199
-42
36
84
2018
116
435
235
199
-42
226
1866
435
183
437
435
449
41
36
88
-32.5
-28
41
1858
36
88
1866
37
226
1902
7
386
1934
9
435
1998
4
435
2002
8
435
1866
1866
1894
-125
357
1874
-96
293
1890
-93
332
1922
-77
435
1938
-72
435
1866
1878
41
88
-32.5
1878
37
89
-32.8
41
1866
1866
1
1866
1
1866
-28
183
437
88
28
41
-28
10
10
41
24
25
75
-52
-9
32.3
-125
37
10
41
24
9
52
9
52
125
41
2
41
-28
10
41
-52
-9
-125
37
17
7
41
17
7
41
41
17
41
7
3
17
41
7
41
1858
-1900
-40.7
-12.8
294
10
1902
-1950
-37.8
-8.8
425
13
1952
-1980
-27.9
-6.4
435
7
1982
-2000
-17.6
-4.0
435
5
2002
-2024
-25.0
-5.7
435
6
-40.7
-25.0
2002
294
435
435
39
55
2002
41
5
1862
23
184
12.5
4
2
41
1862
1870
2
18
-35.6
-9.4
6
11
-40.3
-11.3
5
11
0.69
36
41
1858
28
9
52
41
2002
41
1988
1902
2010
23
-0.062
23
5
23
-0.062
2018
2016
-2002
6
1974
84
435
449
41
1858
-2002
6
88
1789
2016
21
41
12
22
2010
72
3
705
719
1960
24
3
397
418
1988
50
4
1011
1029
2018
1974
6
3
295
317
1975
69
3
812
826