84
-355
2026
52
52
2,652
2,617
3,046
90
5,663
28.5
77.0
2008
2017
2020
2013
10
2026
2024
2016
-2020
1948
2020
1948
30
2
1
5
8
2
1
1
2024
1
3
1
4
5
1
2
6
7
8
3
9
10
387
404
11
2055
1402
1
1
1
2
1
2
1
2
3
18
9
387
404
0
791
2055
1402
653
3457
958
757
201
1715
2652
2373
279
279
2652
938
29,888,154
7,157,607
2,552,193
1
336,636,468
29,888,154
7,157,607
19
406,873
16,100
661,205
21,844
-254,332
27,136
306,867
16,022
254,332
306,867
75
149
45,447
305
12
1
149
45,447
305
12
77,161
45,447
77,161
45,447
1,000
90
1,000
2
51
90
1,000
14.2
9,137
18
51
72,680
22
51
22
51
14.2
1,000
9,137
18
51
72,680
22
51
0.83
14.2
1,000
7.2
7.0
21.3
17
22
51
43
2,652
90
2,652
2,652
2,652
279
276
383
1,714
2.21
65
938
2,652
35
938
2.21
1,779
129
3
90
2,617
3,046
1,779
129
51
51
14
51
51
51
14
51
4
51
51
14
1
51
5
51
51
1
0.91
51
582,041
18
77.0
28.5
75.1
34.7
74.3
34.8
70.0
39.1
69.6
40.4
77.0
28.5
56.5
48.6
6
77.0
28.5
56.5
29
55.2
29.0
-0.25
2,552,193
7,157,607
1,000
9,035
2,213
13.0
-455
299,482
16,581
12.9
67,630
11,889
2,713
10.8
3,492
82,568
9,474
10.5
17,707
319,607
21,877
10.3
72,680
90,730
9,234
9.7
-63,913
50
306,867
303,793
2
6
2016
-2020
38,761
2,562
34,920
2,839
23,292
2,434
12,873
1,782
10,503
1,253
10,436
1,312
1,234
338
27.4
64.6
338
1,234
27.4
64.6
2.7
1948
7
1948
2020
20.2
9.3
3.1
1.3
42
20.2
9.3
3.1
1.3
1948
20.2
2020
9.3
3.1
1.3
42
2008
2017
2020
2013
7
42
1948
2005
1948
254,332
72,680
67,630
56.5
28.5
77.0
2,652
1,714
97.8
35
27
306,867
303,793
1940
7
254,332
2,617
3,046
2024
1
13
2024
1
13
2016
-2020
5
-1
1948
2020
2020
2020
90
2008
2017
79
1
45
59
2020
8
2
215
231
2013
8
3
239
269