70
70
746
84
-355
2026
30
746
72
72
28
48
1
30
30
538
746
0.97
94
102
2024
1
0
217426331434639062905690501558262415
1531479284.504353
2024
-11
-05
12
00
00
1
0
77
1704412803
0.5
1704499202
0.405
1704585602
0.405
7
30
0.6585
0.5015
1
1,531,479,285
2024
-11
-05
7
30
30
7
1
0
746
30
69
746
677
2024
7
0.6585
30
0.5015
1
1
0
1,531,479,285
2024
-11
-05
7
746
2024
-01
-15
2027
-01
-01
145
19.4
0.10
527
70.6
22
677
70.6
0.10
19.4
80.6
10
1,531
746
1,531
22
71
0.10
81
1
527
746
19.4
10
1,531
72
28
28
72
28
2016
0
0.1
527
0.008
0.019
0.011
0.1
0.2
27
0.155
0.296
0.141
0.2
0.3
19
0.245
0.368
0.123
0.3
0.4
14
0.344
0.286
-0.058
0.4
0.5
28
0.454
0.429
-0.025
0.5
0.6
32
0.548
0.656
0.108
0.6
0.7
28
0.658
0.643
-0.016
0.7
0.8
13
0.752
0.769
0.017
0.8
0.9
13
0.848
0.846
-0.002
0.9
1
45
0.979
0.978
-0.001
2
527
0.1
0.9
1.0
97.8
0.8
0.9
84.6
0.7
0.8
76.9
70
70
0.25
50
0.0644
50
0.2500
0.1566
0
0.1944
0.0644
0.2500
0.1566
0.1566
0.0920
19
0.0018
0.0020
3
0.1566
0.0920
0.0018
0.0020
0.0644
0.1944
0
0.1
527
0.008
0.019
2.3
0.1
0.2
27
0.155
0.296
1.9
0.2
0.3
19
0.245
0.368
1.5
0.1
0.2
29.6
1.9
5
0
0.1
527
4.4
10
0.015
0.1
0.2
27
4.2
8
0.058
0.2
0.3
19
4.7
7
0.282
0.3
0.4
14
4.8
4
0.783
0.4
0.5
28
12.7
12
0.851
0.5
0.6
32
17.5
21
0.287
0.6
0.7
28
18.4
18
0.844
0.7
0.8
13
9.8
10
1.000
0.8
0.9
13
11.0
11
1.000
0.9
1
45
44.1
44
0.615
1
10
0.05
0
0.1
10
4.4
527
0.1
0.2
27
0.058
0.2
0.3
19
0.282
527
746
0.008
0.019
0.1
0.3
0.037
46
95
9
10
1
0
0.1
10
4
95
9
10
1
0
0.1
0.1
0.9
87
0.491
0.494
0.3
87
0.464
0.552
8.7
0.491
0.494
0.3
87
8.7
0.464
0.552
373
0.0516
373
0.0772
0.3
8.7
27
87
87
5
0.3
8.7
527
0.008
677
0.0736
677
0.0500
32.1
677
0.553
0.689
0.064
0.049
6
0.0736
0.0500
677
32.1
746
0.0644
0.2500
0.9
97.8
0.3
8.7
1950
2004
2008
2005
2000
50
2024
746
746
70.6
0.10
0.008
0.019
746
746
2008
24
2
285
300
1950
78
1
1
3
2000
81
1
115
131
2005
2004
18
2
107
126