84
-355
2026
25
30
35
119
59
65
1789
119
22
1994
1979
104
16
51,062
65
75
4
2019
26
24
0.4
1789
119
2025
0
1
-256
1789
51,062
1
119
1789
2025
45
47
176
1942
2021
78
1942
2021
79
78
51,062
1778
1
0
51,062
1
2
1
2
1
99869
99
0
5000
1
4766
1
98
5000
000995
1736.0
1800.0
1
8457
1
98
5000
000349
1721.0
1793.0
0.589
0.307
22
9
1
2
1
1789
1736.0
1736.0
176
1
1789
99869
1
1789
4766
1736
53
1789
0
1
1789
8457
1721
68
1789
0
1787
2
51,062
51,062
129
50,933
357
1
1789
95
45
44.80000
44.80000
0
1
1789
66
44
43.95455
43.95455
0
1
1789
29
48
46.72414
46.72414
0
1
50
1979
60
2017
42
1793
60
2017
2019
2021
59
2025
50
1979
65
58
50
1979
1913
66
60
2017
1980
7
1913
55
1900
64
1981
1950
2018
68.2
78.7
10.5
53
60
7
7
10.5
1950
2018
7
10.5
68
10.5
7
10.5
7
78.7
2018
65
1950
2018
68.2
78.7
10.5
65
13.9
19.5
5.6
75
12.3
1.9
53
60
7
10.5
65
5.6
7
2
68
1950
2018
10.5
7
65
5.6
7
65
5.6
1950
-2018
10.5
65
1950
-2018
5.6
65
53
53
65
-65
25
1950
2018
1950
1950
1900
1900
0
26
24
2003
2004
0
0.4
24
26
2003
2004
77.2
77.6
77.6
77.5
3
1950
2018
6.10
3.86
2.25
6.10
3.86
2.25
63
6.28
4.25
2.03
68
5.55
2.40
3.15
43
63
1950
2018
68
43
1
1970
1950
1980
-2.68
-3.50
0.82
1980
2025
8.71
7.45
1.26
1960
1970
3.5
1980
59
4
50,768
70
70
43.0
57.0
70
0.8
12.6
1950
2025
65
16.1
34.9
70
8.5
24.1
80
1.1
4.4
70
16.5
35.9
1950
2025
6
70
8.5
24.1
35.9
-80
1.1
1950
4.4
5
95
81
1950
36
53
72
119
2025
39
59
79
3
6
7
3
6
7
4
20
1789
-1848
2,901
41
4
1.1
1849
-1908
4,392
45
4
3.7
1909
-1948
2,578
48
6
12.1
1949
-1985
1,688
44
10
21.1
1985
5
43
46
48
4
8
8
72.5
45
42
45
31.7
1981
42.1
1981
51.6
1981
53.3
1900
-1910
2.90
1920
-1930
3.58
1960
-1970
1.54
2010
-2020
0.57
6.3
4
1789
176
1
-65
1950
1900
-1980
1950
2018
7
65
5.6
51,062
1
119
1900
-2018
9
2
5
2019
4
65
75
2019
004
-508