84
-355
2026
2024
6.9
33.0
4.8
1952
32
403
200
163
0301
0301
1
2
3
1
2
3
4
5
6
7
0303
0301
0303
1972
5
3
1974
4
2
1986
2
1
1996
6
3
2016
1
1
3
5
3
5
3
5
2
6
1
1952
2024
1952
1,689
4.9
22.7
17.8
1972
2,695
14.8
36.4
21.6
1992
2,470
12.8
39.4
26.6
2012
5,890
13.4
36.5
23.1
2024
5,483
6.9
33.0
26.1
1950
1970
2024
6.9
1960
8,556
95.3
95.3
5,531
78.4
78.4
3,815
87.4
87.4
2,368
47.7
52.3
3,586
13.7
86.3
4,240
16.1
83.9
6,198
2.9
97.1
2
87.4
78.4
86.3
83.9
47.7
52.3
6.9
2024
0303
0301
1
-3
1
4
2
5
-7
3
1
2
3
20.8
18.5
11.9
11.6
10.4
13.0
13.8
11.6
33.9
1952
0009
1948
2024
5
2026
0301
0303
1960
1992
2
2009
28
4
562
572