84
-355
2026
905,070
0.86
1.01
2020
-04
-01
905,070
2007
2016
2026
-08
-10
22
-256
2016
5
905,070
2007
2016
53,381
7,976
5
5.9
2020
04
01
869921
2014
-08
-01
00
01
00
870048
2014
-08
-01
14
34
00
22
372318
11707
2834
3970
157684
2861
1033
1221
152196
23622
2183
3540
116014
11445
1165
2284
106858
3746
761
910
905,070
5
5
5
905,070
372,318
41.1
157,684
17.4
152,196
16.8
116,014
12.8
106,858
11.8
16.8
5
6
1
905,070
0.86
1.01
1
905,070
0.86
0.98
1.01
3.14
3.07
4.79
4.94
0.86
0.98
1.01
3.07
4.79
3.14
152,196
23,622
15.52
116,014
11,445
9.87
106,858
3,746
3.51
372,318
11,707
3.14
157,684
2,861
1.81
15.52
3.14
4.9
3.14
2001
2
2
905,070
53,381
5.9
7,976
0.88
7,976
0.88
905,070
5
23,622
2,183
9.2
11,445
1,165
10.2
3,746
761
20.3
11,707
2,834
24.2
2,861
1,033
36.1
9.2
24.2
4.9
2.6
3
3
14.9
15.52
9.2
1.81
36.1
5
905,070
2007
26.2
11.1
2008
24.2
9.9
2009
19.3
8.7
2010
27.6
8.9
2011
21.6
6.0
2012
20.7
5.9
2013
21.9
7.6
2014
30.7
9.4
2015
29.8
13.1
2016
28.2
16.0
4
2007
2016
2012
10
3
2017
2020
100
1
3
2016
1
2020
-04
-01
1
2001
109
1
203
229
2020
4
736
745
2017
11
3