84
-355
2026
5
2024
64
3.10
312
226
64
1
51
2024
2024
1913
7
1864
1864
41.4
48.6
58.6
51.4
1,913
7
1864
2024
2024
1863
2024
41.41
1.68
54.54
1864
2024
34.10
64.57
1865
2024
33.56
1.12
64.20
1866
2024
46.70
0.50
52.20
2024
9
34.10
64.57
0.00
30.47
3
41.41
54.54
1.68
13.13
11
46.70
52.20
0.50
5.50
6
33.56
64.20
1.12
30.64
1,913
51
2024
0
2020
538
19
48.66
50.37
0
1.71
51
538
1.71
3.10
1,000
10
48.74
49.60
0.86
15
48.31
49.73
1.42
19
48.66
50.37
1.71
16
48.53
50.73
2.20
4
50.65
47.87
-2.78
0.86
5
51
64
3.10
1,000
0.86
1
2024
5
3.10
1,000
64
0.86
1,000,000
49.25
50.75
2024
492,500
49.25
507,500
50.75
1
50.90
49.25
2
52.10
49.25
3
48.20
49.25
1,000
20
1,000
1,000
1,000
20
2
1,000
49.25
20
53.88
1,000
3.10
94.5
49.27
49.25
95
3.10
1,000
500
4.38
1,000
3.10
5,000
1.39
20,000
0.69
100,000
0.31
100,000
0.31
2024
1
1
1
20
100,000
0.31
1,000
54.00
3.10
4.75
1.5
10,000
54.63
0.98
5.38
5.5
100,000
53.68
0.31
4.43
14.3
3
100,000
0.31
4.43
14
53.80
49.25
53.80
4.55
100,000
0.31
95
95
95
20
464
4.55
3
95
95
20
464
4.55
20
53.80
4.55
20
1,000
2
0.50
3.10
0.3
5
1.22
3.10
0.8
10
2.38
3.10
1.6
20
4.55
3.10
3.0
40
8.35
3.10
5.6
5
1.22
1.50
1.22
3.10
1.50
3.10
1,000
2
5
3
5
1.50
4
3.10
1,000
2
5
3
5
1.50
49.28
56.26
6.98
49.98
0.70
56.26
6.98
56.3
49.3
0.70
5
56.3
49.3
6.98
0.70
6.98
2016
2020
95
20
100,000
0.31
4.55
4.55
20
2018
1
2016
2.3
400
2021
250,000
-19
17
2018
2016
2020
2006
1
60
2024
2024
53.80
2024
5
2024
2024
2024
2024
2021
600
695
700
2006
70
5
646
675
2018
2016
82
1
1
33
2018
2016
12
2
685
726
2020
2021
2020