84
-355
2026
163,633
16
2020
2024
3
16
1,270
2024
12
2012
2,684
2020
2024
232,717
2020
10,711,908
2020
2020
2024
403
159
2020
2020
2020
1
2684
115
1
20
1
6
2
11
20
20
201
20
20
16
2
20
20
20
20
20
20
3
20
20
1
131
808
238
2
064
1526
1171
3
061
1871
793
115
2
2
20
201
2024
1
2724
13
1
1
6
2
11
13
1
232717
17
20
20
20
20
20
3
20
20
20
20
20
1
132532001001042
7
12678
30.8017174
-084.8413455
2
132532002003085
11
32388
31.0257042
-084.8925507
3
130990905001082
2
2977358
31.1995307
-085.0500314
232,717
20
20
20
2020
2024
2020
3,269
20
2020
2024
131530212052000
169
131530212052001
26
131530212031010
12
232,717
6
2020
0
2024
2020
2020
2024
0.571018
11908
0.428982
8946
57.1
159
159
159
159
2020
16
2,651
2024
16
2,539
13
2,240
2024
3
411
2024
3
299
81.2
84.5
16
2020
16
2024
16
81.2
84.5
16
2020
2024
2020
2020
2024
16
4
3
4
4
4
2020
2024
2024
2020
100.0
100.0
100.0
100.0
4
1
4
3
4
100
99.7
1
2020
2024
42.9
1
2020
2024
3
2024
17
16
13
16
75.9
3
31,161
3,269
232,717
163,633
10,711,908
2020
3,269
100.00
232,711
100.00
2024
3,269
100.00
232,717
100.00
16
3,269
163,633
204
232,717
10,711,908
2020
2020
2020
2024
16
2024
2024
17
2020
3,269
2020
2024
2
2024
12
88
2020
2024
15
16
93.8
78.3
1
16
6.2
18.5
15
16
2024
1
78.3
18.5
15
4
15
2,075
1
14
0.12
1
6.2
18.7
1
6.2
14.7
14
15
0.12
2020
2024
1
93.8
6.2
78.3
18.7
18.5
14.7
3.9
1
3
561
2024
3
10,035
561
2020
2024
55.6
42.9
1,270
1,270
17
3,400
0.000
0.001
10
2
11.8
324
9.5
0.127
0.890
11.8
9.5
17
3,400
0.127
44
56
57
43
0.890
11.0
100.0
1,791
17
4
2020
-2024
3,400
324
9.5
11.0
100.0
17
4
2020
2024
2024
20
20
20
20
4,812
2,685
10,481
7,637
4,203
2,713
9,858
7,043
3,439
2,983
9,567
6,551
2,821
3,109
10,530
6,046
3,605
2,029
8,481
5,730
3,130
2,353
8,366
5,584
1,087
3,878
10,539
5,054
3,164
1,578
6,735
4,820
2,709
1,525
6,372
4,305
1,909
2,022
7,184
4,021
2,236
1,374
5,182
3,680
1,493
2,098
5,995
3,657
2,180
1,221
4,791
3,478
1,868
1,328
4,757
3,278
1,120
676
2,596
1,825
1,083
299
1,891
1,391
675
361
1,423
1,042
41,534
32,232
17
2020
-2024
2020
2684
2653
2024
2696
13,821,357
13,821,335
22
0.000
22
13,821,357
0.000
90.4
489,876
9.8
9.8
2,355
2,355
0
16
16
0
2,355
16
2,355
2,684
16
16
15
17
2
3
1
9.5
1,270
2020
2024
2020
2020
2024
2020
2020
13
20
2020
2020