84
-355
2026
2014
1899
2004
2022
3,811
58
1.52
58
1946
2024
-2000
1994
2002
2002
2004
10
2004
2022
3,936
3,811
1,643
58
2024
5675
2024
200
2022
58
2
-7
1946
2024
1966
2026
287
32
287
32
16
2014
1
2
07
07
0
07042
4
07143
28912
36105
0.44468369810972513
0.55531630189027481
148026
2020
07
07
2010
0.44468369810972513
44.5
701
2004
20
2012
23
2022
30
2004
7
0
2006
7
0
2008
7
0
2010
7
0
2012
7
37369
1
2014
7
28912
1
2014
2020
2020
4,225
16
0.38
798
3
0.38
2020
2022
2018
14
2016
00
0
2016
2006
2008
2010
2012
2008
2
2022
2006
7
3,936
3931
3938
99.82
7
6
1
2004
2022
88.6
96.8
43.1
3.5
58
3,811
1.52
263
15,850
1.66
2022
371
371
2
2
2004
2022
92
394
2004
23
221
371
2022
60
83.6
2004
68.7
2022
58
2022
221
371
60
23
2004
10
74
4
54
2004
2022
3
1946
2024
12.0
32
5.2
1992
19
58
14
2022
2012
2022
27
4
10
7
10
1
58
61
3
2006
7
2014
5
2020
5
2013
2019
2007
2
49
3
0.38
798
58
1
58
2
1.5
1946
2004
2022
2026
-08
-11
10
22,156
2026
-08
-11
51,062
2
2
-7
2026
1946
2024
1966
2026
1
97
6
6
8
8
4
8
2026
-08
-11
287
32
1946
2024
2013
2019
2007
32
1
79
105
1974