84
-355
2026
2024
73.5
73.0
67.5
48.4
45.2
43.0
42.4
42.0
41.5
41.4
41.0
41.0
40.1
39.0
3
11
48.4
67.5
48.5
29
2026
2
608
2026
478
30
1986
2
2024
2024
2014
2015
2013
50
50
2018
2019
-02
434
435
9
00
01
41.4
21.9
54.5
76.9
22503
22140
22515
20301
29701
435
9
41.4
54.5
9
197
01
198
02
197
59.78
37.97
20920
198
44.22
53.75
21362
293
21
293
21541
2024
-01
59.78
37.97
61.16
-02
44.22
53.75
45.14
435
434
434
435
45.14
2024
-01
47.97
51.06
48.44
434
434
49.9
205
47.2
49.9
47.2
21
434
435
2
35
8.1
5
91
21.0
10
176
40.6
15
269
62.0
91
21.0
8.1
62.0
434
1
434
2024
91
21.0
73.5
73.0
67.5
48.4
45.2
43.0
42.4
42.0
41.5
41.4
41.0
41.0
40.1
39.0
76.2
70.4
47.7
46.2
41.8
41.6
38.8
38.6
89.1
68.1
64.5
59.7
58.0
55.8
52.8
50.2
48.4
47.4
45.7
39.2
38.5
33.2
30.9
30.8
27.1
48.5
3
14
48.4
67.5
50.2
2
8
47.7
70.4
49.4
8
9
27
89
2
19.0
22.7
1.8
50
2
50
50
2
50
14
48.5
3
21.4
-25.6
8
50.2
2
25.0
-25.4
7
41.3
1
14.3
-18.3
9
49.0
3
33.3
-14.7
14
49.8
5
35.7
-13.9
-25.6
-25.4
-1.7
9
63.8
9
100.0
22.4
17
56.7
14
82.4
19.0
6
57.7
5
83.3
17.9
7
35.1
2
28.6
8.4
12
54.2
8
66.7
8.3
22.4
-25.6
63.8
9
9
55.5
-03
89.1
-04
83.9
70
54
70
34
54
70
34
70
89.1
83.9
90
22.4
50
50
50
9
36.3
40.9
72.1
31.3
-11.5
6
39.4
31.5
57.5
26.0
4.5
8
50.2
47.7
70.4
22.7
-25.4
7
35.1
34.8
54.1
19.3
8.4
14
48.5
48.4
67.5
19.0
-25.6
6
57.7
36.0
54.5
18.4
17.9
15
44.9
47.1
50.0
2.9
-13.1
17
49.4
48.4
50.2
1.8
-1.7
9
63.8
55.5
22.4
50
9.7
22.7
19.0
1.8
50
3
50
9.7
31.3
26.0
-11.5
4.5
2022
2024
50
4
50
26.0
4.5
15
3.5
46.3
52.3
15
434
46.3
52.3
1980
5
47.2
51.8
2024
-25.6
2017
50
50
2019
2018
29
2026
6
3
26.0
3
4
2024
2020
2028
1
434
435
2024
2026
2024
434
435
2017
64
9
1020
1024
2013
8
3
239
269
2014
39
1
55
85
2019
2015
82
2
831
900
478
30
1986
585
48
2018
588
684
2019
599
1
2023
608
2026
24
-109
24
-110
29
2026
732
3
574
2024
608
2026
25
1314
2
2026