1939
84
-355
2026
1939
1939
20
-25
30
40
9
9
-9
-39
0
1933
1939
190
302
1
1
1939
190
302
7.8
12.4
47
2
1939
1
2026
-08
-10
10.6
314
9
1939
1939
10,154
830
1930
1939
4,489
6
9
378
115
9838
9
4
1
2.81294353184514
-05
41.42575
-81.58124
41.43494
-81.57687
-81.57687
41.43102
-81.57991
41.4312
10,154
2.81
-05
4
0
1
1
2
3
1
65
2
0
2
1
4
-6
2
1
2
1
20
2
1
2
1
39035101101
1686
670
705
41.81
39035101102
4338
3282
468
10.79
39035101300
1638
937
432
26.37
4,489
6
1930
1935
1940
2020
2020
1937
2020
10,154
9,324
4,489
56
6
2
5.6
1939
2020
2
5.6
1939
2020
2020
63
35
1
1
1939
2020
2
103
86
1939
3
56
3
587
587
2
587
3
33
587
90
2
33
587
18
33
8.9
3.2
3
1
588
2020
1930
1930
2020
06001400100
3038
144
4.74
06001400200
2001
40
2.00
06001400300
5504
561
10.19
4,489
2020
273
978,270
163,372
16.7
899
3,269,467
762,053
23.3
2096
7,273,922
1,555,044
21.4
1221
3,984,323
1,018,080
25.6
16.7
25.6
8.9
21.4
23.3
5
25
47
21.3
68.1
46.9
1
4
32.1
71.0
39.0
1
4
19.4
54.8
35.4
3
4
6.6
40.5
33.9
5
34
4.0
37.7
33.6
15
17
14.0
47.6
33.6
18
249
3.2
36.6
33.4
7
43
4.2
34.1
29.9
1939
21.3
68.1
46.9
33
14.5
46.9
26
33
14.5
26
33
4
4
2020
33
26
6
46.9
14.5
6
4
2
1
6,265
3,040
16.0
6.3
-9.6
28
138
97,336
548,467
40.7
34.3
-6.4
1
6
5,750
26,692
11.5
6.3
-5.2
1
1
3,278
2,884
15.2
11.7
-3.5
22
102
82,787
251,281
46.8
43.9
-3.0
1
6
3,728
29,341
5.4
3.7
-1.7
34.3
40.7
6.4
138
548,467
1937
2020
9.6
2
1
25
-47
33
4,489
1930
4
2021
2017
3
1
33
587
181
56
6
2020
1937
1930
14.5
6
2026
-08
-10
10,563,682
10,154
314
9,324
1939
9
1930
2020
2020
1939
2
2021
1930
13
4
355
392
2017
2020