84
-355
2026
1960
1929
1960
2020
435
2009
435
1929
2004
2016
1960
4,951,560
78.7
92.3
19
12
4
412,630
2020
21,538,187
14.6
401.4
10
28
1
770,376
2020
3,285,874
-11.8
959.6
4
2020
689,545
14.6
11,280.00
1
684
10
684
1960
4,951,560
999
10
1960
4951560
2020
21538187
1960
4,951,560
12
4
2020
21,538,187
28
1
1960
4,951,560
999
1
2020
684
1910
2020
52
4
1
435
39
48
12
1787
12
612
110
1910
1999
48
1960
1940
72,524
1950
128,643
1960
226,167
1
1940
423,330
1950
499,794
1960
632,772
2
1910
1960
1960
1910
38
2
8
1
28
1
2
1
14
1
6
1
52
-1
17
-1
13
-1
26
-1
15
-1
17
-1
2
-1
7
2020
13
89
89
2020
1970
11
14
1980
17
21
1990
19
21
2000
12
18
2010
12
18
2020
7
13
19
435
7
5
1960
2020
1960
2020
75
14
21
15
-15
44
75
75
2020
17.2
15
41
1960
26
44
50
15
7
1
35
1960
2020
14
21
15
16
15
14
6
-15
-10
-9
-7
2
1960
41
26
12
1960
9
28
6
1960
2
1960
2020
108
76
-32
24.8
17.5
125
91
-34
28.7
20.9
133
164
31
30.6
37.7
69
104
35
15.9
23.9
233
167
-66
53.6
38.4
202
268
66
46.4
61.6
66
66
75
66
9
1960
233
435
167
38.4
75
1960
78
75
3
3
1960
2020
38
43
45
52
53
53
52
14
1
2
2
2
1
1
1
2
0
1
9
8
9
9
9
9
9
0
1
47
50
3
15
2020
1990
2020
1970
1980
1910
3
1910
2020
1960
28.0
24.9
17.4
110
7.7
23.7
1990
2010
1940
1910
1960
31.9
30.7
24.3
24.2
1960
1960
2020
1960
2020
6
6.4
5.5
-1.0
16
17
30.7
38.1
7.4
11
11
24.2
32.6
8.4
9
24.9
17.4
-7.5
30
46.3
61.8
15.5
8.4
7.4
6.4
5.5
1960
2020
1.73
1.86
0.13
0.25
0.30
0.05
1.30
1.19
-0.10
0.43
0.21
-0.22
1.69
1.36
-0.33
1.04
0.54
-0.50
8.41
8.54
0.05
0.50
1929
435
1929
1910
210,328
2020
761,169
3.62
1910
2020
92,228,531
331,449,281
3.59
1910
2020
433
435
3.62
1910
4
1910
2020
1910
210,328
2020
761,169
1910
1960
2.14
2020
1.83
2020
1960
275
535
51.4
2020
209
535
39.1
1960
260
535
48.6
2020
326
535
60.9
66
1960
275
535
51.4
2020
39.1
1960
66
1960
1961
2008
1991
1950
2005
2022
1941
1
2001
110
15
89
7
2020
2022
2001
75
1960
2020
66
38.4
47
50
3
1910
2020
2
2020
6
578
54
2016
503
442
1992
525
316
1999
1929
46
21
2001
2
2020
1790
2010
101
6
2238
2256
2009
7
4
849
857
2008
74
3
609
643
2005
2022
1940
2020
55
4
647
654
2004
24
2
587
1991
1938
1980