84
-355
2026
7
2000
1
2000
537
19,000
2000
1
42003
722248
720504
1744
0.241
722,248
720,504
1,744
0.24
1
2
1
268
2,890
1
1
1
1
1
1
2
2
523
1
0100100000
46292
41817
4475
-88
-88
-88
25747
15365
-99
3,103
09
70
535
-88
-99
-77
0100100000
1
1
1
1
1
1
0100100000
28388
-99
-99
1670
-99
-88
0100300000
122542
-99
-99
7771
-99
-88
0100500000
9919
-99
-99
593
-99
-88
1
1
1
-99
-88
2,890
01001
28388
28190
198
0.697
01003
122542
121808
734
0.599
01005
9919
9832
87
0.877
28,388
1
1
351
1298
-947
10741
22175
-11434
4721
9642
-4921
2,803
0.93
25
0.64
75
1.39
1.39
0.93
0.64
1.39
2
58
2,803
6
62.72
2
2,803
0.93
0.64
1.39
58
6
62.7
2,993
2,993
1,112,978
2,056,800
943,822
196,230
317,702
121,472
70,393
121,048
50,655
51,973
86,168
34,195
10,741
22,175
11,434
86,068
96,405
10,337
103
3
3
103
2,803
0.93
23
-269.8
4
3,143
2020
4
3,143
2020
103
87
150
19
14
87
150
32
10
10
943,822
14,423
5,377
62.7
22,496
15,545
30.9
7,959
5,753
27.7
9,727
7,103
27.0
25,817
19,294
25.3
62.7
103
87.70
0.00
0
5.83
0.000
87.7
5.8
2,993
103
87
2,803
0.93
2,803
2,993
94
103
103
103
2000
1
2024
2
1
2024
2001