84
-355
2026
259
1841
198
76
1987
36
441
8.2
2004
2022
790
507
64
1789
2025
2004
2022
1946
2024
118
1
108
111
16
1946
2024
-2000
2024
5675
2024
200
2022
1946
2024
114
115
47741
114
20301
3
0
47742
114
21102
7
0
48283
115
20301
3.0
48284
115
21102
7.0
47741
1
000575
47742
1
001185
48283
000575
48284
001185
110
112
113
114
115
116
117
118
119
0.989
1.000
1.000
1.000
0.000
0.000
0.000
0.000
0.000
114
2017
435
445
118
435
3
114
3.0
115
2017
114
3
2016
115
3
2018
507
790
2012
2010
3,936
3931
3938
99.82
2,731
18
2022
7
7
2014
2016
7
2006
6
2016
7
7
2016
1789
1830
42.7
1831
1870
55.1
1871
1900
43.8
1901
1940
26.0
1941
1980
18.4
1981
2024
15.0
1
1789
2023
1841
76.4
1900
1987
8.2
42.7
15.0
1980
1968
3,653
82.2
387
8.7
225
5.1
102
2.3
58
1.3
18
0.4
4,443
2004
2022
790
283
507
64
790
283
283
283
2
2
2004
2022
507
283
283
225
58
20
1.3
58
283
3.9
1946
1970
2000
2024
28.2
38.0
8.5
5.8
31.3
17.5
31
28
17
38
2
2
41.8
12.0
19.8
34.0
5.2
23.4
3
1946
2022
78
-0.22
5
2.9
2.5
0.4
-7.6
21
7.6
3
1970
1962
1980
16.7
8.9
2006
2023
17.0
9.3
109
-0.87
1960
118
7
10
2024
2022
2023
2024
1
114
2015
445
2023
435
1841
2021
1
4,443
2026
-08
-11
51,062
1
119
2004
2022
2026
-08
-11
10
22,156
2
2026
2
-7
1946
2024
2
-9
1966
2026
1968
62
1
144
168
1974
2019
10