84
-355
2026
2
1953
2
2
478
30
1986
29
2026
608
2026
30
608
2026
25
1314
2
2026
21
2024
1953
1997
21
2024
2026
17
2
17
21
2024
17805
132452
127560
16024
17
17,805
21
132,452
127,560
16,024
2024
1
2
3
4
1606
225
1381
262
1344
772
591
181
595
177
16,024
17
2
772
591
181
595
177
17
16,024
4,631
11,393
5,106
10,918
10.9
76.6
2
1
45
45
80
0
20
4
18.0
17
76.6
4
5
50
2
17
80
76.6
4
5
50
80
4
20
2
0.982
3.3
102.1
3
1
0
100
76.6
100
0.982
102.1
100
0.98
76.6
23
40
45
70.1
100.0
29.9
70.1
100.0
15
17
2
17
4
15
17
70.1
100.0
29.9
102.1
70.1
100.0
0.982
18.0
102.1
3.3
70.1
100.0
92.7
7.1
16,024
5
16,024
100
6
100
92.7
7.1
29.9
9.4
3.3
7.1
10.9
0.982
60
51
10.9
11.5
14.1
85.4
2.4
11.4
13.1
14.6
86.8
3.6
14.0
16.3
17.1
92.4
3.9
19.2
23.3
22.3
91.8
7.0
22.5
25.7
25.5
92.4
6.3
23.6
27.6
26.7
91.3
7.9
24.0
27.3
27.0
90.5
7.3
25.2
27.0
28.2
93.6
4.5
25.6
32.7
28.6
93.2
12.0
29.9
30.6
32.8
89.1
5.7
30.1
34.7
33.1
93.3
9.4
31.4
32.5
34.3
91.0
5.8
34.4
37.2
37.3
93.1
7.9
35.9
42.1
38.8
92.4
13.9
36.9
38.2
39.7
93.0
6.2
50.0
56.1
52.7
95.7
16.5
76.6
77.1
79.0
96.3
14.4
4.2
9.4
85.4
96.3
10.9
0.72
7
85.4
96.3
2.4
16.5
50
17
102.1
3.3
0.982
76.6
106.8
1.7
0.966
50.0
17
102.1
106.8
0.966
17
5.8
100
17
17
8
17
5.8
100
17
17
50
80
0
70
1
77.1
-15.6
60
1
77.1
-15.6
50
2
68.8
-24.0
7.1
70
60
80
70
80
80
29.9
9.4
2.1
0.982
10.9
29
2026
55
45
1953
1997
7
29
2026
2
478
59
2
17
2
16,024
17
8
21
2024
2026
1953
18
6
663
664
1953
18
6
665
666
1959
64
6
610
625
1950
15
3
351
357
1997
1991
15
6
673
711
478
30
1986
599
1
2023
608
2026
24
-109
24
-110
29
2026
732
3
574
2024
608
2026
25
1314
2
2026