84
-355
2026
1930
1946
1989
2002
2013
1946
2024
01
2026
78
2020
2023
2024
01
1
2
61
1946
8
2
8
1
2
1
1
1
8
1
2
2
1
2020
2023
225
234
96.2
216
234
92.3
100
110
90.9
230
70.0
82.0
232
67.7
79.3
222
61.3
90.9
234
60.3
95.5
234
59.8
94.3
232
57.8
81.3
122
38.5
72.1
234
33.8
74.0
110
33.6
78.3
234
32.1
70.7
10
2020
2023
225
234
96.2
216
234
92.3
100
110
90.9
123
232
53.0
123
230
53.5
65
121
53.7
96.2
53.0
45
1
45
45
1
45
53.0
96.2
45
10
-0.218
-0.217
-0.132
-0.120
-0.074
-0.073
0.151
0.206
0.231
0.246
45
-1
-0.975
0.975
6
0.145
4
0.095
0.224
6
0.145
0.224
45
0.975
45
0
0
1
44
1
0.732
44
8
8
1
2
3
4
5
6
7
8
2
4
8
10
8
2
10
8
4
2
0.990
8
0.975
60.3
95.5
59.8
94.3
61.3
90.9
70.0
82.0
57.8
81.3
67.7
79.3
33.6
78.3
33.8
74.0
38.5
72.1
32.1
70.7
95.5
70.7
30
95.5
22
73.3
94.3
22
73.3
70.7
17
56.7
74.0
16
53.3
90.9
14
46.7
82.0
14
46.7
79.3
13
43.3
81.3
13
43.3
30
8
2
73
96
3
30
22.2
2
95.5
22.2
4
1946
78
1946
2023
65.1
2021
21.8
1963
4
1946
2023
21.8
1963
65.1
2021
78
1962
2022
44
0.975
2002
1989
3
78
4
1946
4
3
78
44
0.975
2024
01
1946
2020
2023
2002
1953
1999
10
2
134
153
1989
83
2
557
565
2013
1997