203
84
-355
2026
2021
9,943
377
57
10,150
150
450
9,943
377
10,150
450
9,566
10,320
9,700
10,600
203
52
10503
10,000
5
1975
3.5
10,000
5
2,452,000
554,700
2,489
8.8
1
1
1
1
1
203
23,054
296
203
1,181
391
391
334
245
86
3
235
334
391
235
331
3
2021
120
23
23,054
2,852
72
203
10
5
010
0100000
0000
00000
00,000
01
1.3200
040
0400000
01,000
0,000
00
01,000
02
208600
354,125
600,240,720
20,119
6,131
90,588,135
2,182
0.4000
0.0000
10.3000
1.3000
0
1
0
0
33
23
1.3200
203
01
02
10
5
0
1
0
10
2452000
554700
2489
8.8
1
1
136800
61860
1087
1.0
1
1
235
51
19
12
2
1
1
1
1
1975
1
235
391
4
22
13
10,000
130
10,000
130
23,054
10,000
5
10,340
1
0
1
10,190
1
0
1
10,150
1
0
1
9,943
0
0
0
9,934
0
0
0
9,865
0
0
0
9,773
0
1
1
9,667
0
0
0
8
10,340
429
9,911
10,769
1
10,190
525
9,665
10,715
1
10,150
450
9,700
10,600
1
9,943
377
9,566
10,320
0
9,934
460
9,474
10,394
0
9,865
388
9,477
10,253
0
9,773
319
9,454
10,092
1
9,667
358
9,309
10,025
0
2
4
8
4
450
3.0
377
6.6
5
51
27
24
10,000
8
123,000
69,290
5.0
0.1
1
145,000
22,990
5.0
0.1
1
7,046
3,044
5.0
0.4
0
12,020
2,726
5.0
0.4
0
7,887
2,608
4.9
0.5
0
51
5
6.4
3
56
70.6
562,341
1.2
50
5
51
23,054
10,411
10,000
130
5
158
0
10,411
23,054
130
158
1
0.0
1
0
1
1
0.0
1
0
1
2
0.1
0
1
1
3
0.4
0
1
1
3
0.0
1
0
1
46
1
1
7
8
114.3
1
13
11
84.6
1
9
6
66.7
1
11150
672
6.0
1
11130
470
4.2
1
10650
446
4.2
7,500
163
33
0
9,000
145
15
0
10,000
130
0
0
12,500
101
0
29
15,000
86
0
44
15
29
1975
4
15
11
5
207
150
450
57
377
203
334
391
8
51
59
1
203
1975
4
2013
1960
1970
203
2026
23,054
3.5
3
635
1,181
1
3
2026
2021
203
8
2021
2015
2019
2020
203
52
10503
2006
203
86
69611
8
2021
570
529
2013
478
30
1986
2009