84
-355
2026
162,254
1
2,442,977
70.9
23.11
0.5
0.89
2.19
2.4
70.9
2,442,977
23.1
100
294,979,229
2
2010
3,144
2024
294,979,229
2010
340,110,988
2024
100
2024
2
1,244
2977
70.9
23.11
0.5
0.89
2.19
2.4
726,480
36
1.37
96.7
1.41
0.42
2
1
2442977
70.90
23.11
0.5
0.89
2.19
2.40
726
48036
1.37
96.7
1.41
0.42
48,036
162,254
315,341
132,002
437,645
0.95
0.12
96.45
0.03
1.83
0.63
1,166,120
5.38
0.45
1.41
0.47
0.26
92.03
177,386
5.17
87.53
0.30
0.68
3.78
2.54
96.5
92.0
1
2,442,977
70.90
23.11
0.50
0.89
2.19
2.40
2
1,932,812
58.97
34.63
0.54
0.94
2.56
2.36
3
1,625,252
45.75
47.68
0.46
0.82
2.81
2.49
45.8
47.7
3
1,625,252
1
2
1
41.0
105
90
0
90
87.5
90
110,664,814
37.5
60
27,497,216
9.3
294,979,229
100
90
95
62.5
90
2
37.5
90
27,497,216
11
60
62.5
90
24,874
12.6
57.5
24,874
2.6
3
24,874
90
2.6
24,874
90
90
90
90
90
12022
1303
499
122
6
0
99
1
4
90
12,022
90
122
90
99
1
13
177,386
87.53
5.17
55,179
74.24
17.45
16,477
14.71
74.90
87.5
177,386
74.2
14.7
2010
1,733
97.75
0.75
1,045
97.70
0.86
1,023
97.46
0.78
1,293
97.37
1,256
97.21
1.11
1,056
97.06
1.14
998,747
17.4
2.5
51.1
0.2
19.2
9.7
1,384,724
8.9
29.6
4.7
0.3
1.1
55.4
1,231,814
76.0
13.1
5.0
0.1
2.5
3.3
70.9
77.5
19.8
0.3
0.1
1.9
0.3
14.9
73.7
0.5
0.5
1.3
9.0
48.1
17.1
31.6
0.2
2.7
0.3
3.0
0.9
90.0
0.1
5.7
0.3
70.9
73.7
42.2
48.1
90.0
70.9
73.7
2.8
47.7
87.6
39.9
59.0
82.2
23.2
42.2
47.8
5.6
96.5
95.7
-0.8
92.0
98.8
6.8
5
39.9
39.9
-0.8
973,524
315,341
32.4
1,000
137,364
84.7
200
42.1
70273
200
-500
49.1
48775
500
-1,000
53.3
18332
1,000
-5,000
28.0
18130
5,000
1.7
6743
6
53.3
500
-1,000
1.7
42.1
84.7
100
2010
2024
32.4
12,022
90
122
90
2
73.7
2010
2
2010
100
2024
2009
9
2
69
83
2016
24
2
263
272
2022
8
49
9824
2014
478
30
1986