1964
2024
84
-355
2026
2016
8,642,778
2016
6.7
60,000
-1
01
1
2
-1
3
4
5
6
7
8
2024
260363
59.3
65.3
4
7
4
6
4
1
2
3
7
1
7
2016
64.09999999999
64.1
2016
245502
137481120
128838342
61.4
57.54008
2020
252274
154643962
155507476
66.8
67.17300
2024
260363
154395259
152320193
65.3
64.42237
2016
245,502,000
61.4
137,481,120
223,910,619
128,838,342
-1
16
1964
2024
60,000
12
16
76,648,572
154,643,962
1980
137,481,120
128,838,342
8,642,778
8,642,778
6.7
11
1964
2016
1964
6.7
9.5
1968
6.5
9.0
1972
10.2
13.4
1976
6.8
8.5
1980
8.2
9.6
1984
9.8
10.6
1988
11.5
12.7
1992
10.1
9.7
1996
10.3
10.8
2000
6.5
6.2
2004
4.7
3.9
2008
1.8
1.4
2012
6.1
4.8
2016
8.6
6.7
2020
-0.9
-0.6
2024
2.1
1.4
1988
11.5
1
1964
2024
1988
11.5
15
16
11.5
1988
13.4
1972
2020
1964
1976
10.1
1980
1996
10.7
2000
2024
3.4
16
4
1964
1976
8.5
13.4
7
2000
2024
-0.6
6.7
2
16
3
1964
2024
10.1
1960
1970
10.7
1980
1990
3.4
2000
10.1
1960
1970
10.7
1980
1990
3.4
2000
7.0
1988
-0.37
2020
1972
2020
236,439,907
64.4
260,363,000
58.5
64.4
58.5
5.9
3.8
1996
5.9
2024
4
3.8
1996
5.9
2024
1964
76,648,572
69,972,432
1968
79,010,730
72,514,998
1972
85,807,890
75,641,921
1976
86,756,416
79,973,609
1980
92,994,320
84,843,024
64.0
58.4
1980
1980
1980
1964
2024
70.5
59.6
57.1
50.6
2020
70.9
62.6
59.7
53.7
2016
65.3
59.4
49.0
47.6
2012
64.1
66.2
47.3
48.0
2008
66.1
64.7
47.6
49.9
18.5
2008
19.9
2024
5
18.5
2008
19.9
2024
2024
70.5
50.6
19.9
6.8
16
8,642,778
10.1
3.4
2012
2016
2013
2008
2006
5
3
2001
-1972
4
60,000
3
8,642,778
2016
8,642,778
-1
1964
2024
1964
2024
2012
20
4
437
459
2016
80
3
597
621
2006
70
5
646
675
2013
77
4
985
993
2001
95
4
963
974