84
-355
2026
2015
2014
110
400
100
4
2016
2,298,880
2,289,880
2,298,880
2020
2,586,605
2,586,604
2012
100
4
2012
01
0
0
0
225,237
21
5,488
2024
11
05
2024
01.1
7
3
6
14
1
0
21
2012
2024
0
100
4
2012
2024
2012
25624
40044
1445
67113
0.01640672
0.01326582
0.5966653
2016
32032
37501
1283
70816
0.01631273
0.01387173
0.5295555
2020
41979
42918
1038
85935
0.01659241
0.01480850
0.4994240
2024
47118
36979
4248
88345
0.01649884
0.01535040
0.4185749
400
2,020
410,386
209,183
10,104
629,673
2012
1,931,580
2,440,707
96,008
54.6
2.15
2016
2,309,157
2,298,880
102,977
48.8
2.19
2020
2,834,790
2,586,604
81,383
47.0
1.48
2024
3,069,496
2,241,309
280,742
40.1
5.02
2012
2024
40.1
1.48
5.02
2016
1.5
2020
5.0
2024
1
2016
1.5
2020
5.0
2024
8.35
7.12
4.03
3.15
2.94
2.60
2.37
2.36
2.28
2.27
10
37.5
55.6
25
63.1
73.7
50
15.0
11.0
16
8
16
8
2
8
16
16
8.35
267,327
7.12
227,753
4.03
128,845
3.15
100,804
2.94
94,094
2.60
83,314
2.37
75,875
2.36
75,384
267,327
227,753
2012
2,440,707
759,293
2016
2,298,880
901,120
2020
2,586,604
613,396
2024
2,241,309
958,691
613,396
2020
3
3,200,000
613,396
2020
2,586,604
2020
613,396
958,691
2024
109,415
2024
96,392
109,415
2,440,707
2012
2,586,604
2020
145,897
613,396
759,293
3,200,000
267,327
227,753
40,620
3,069,496
256,425
218,465
38,963
2,586,604
216,084
184,096
32,833
1
2
3
4
5
6
1
8.35
73.6
2
7.12
73.5
3
4.03
73.0
4
3.15
72.9
5
2.94
71.8
0
4
36.1
73.6
0.57
2024
2024
2024
8.35
8.79
0.44
7.12
7.54
0.42
4.03
4.20
0.18
3.15
3.27
0.12
1.86
1.76
-0.10
1.63
1.54
-0.09
2.36
2.28
-0.07
0.90
0.84
-0.07
23
100
2024
85,588
2024
22,398
5
2024
2024
23
100
85,588
2024
22,398
2024
2024
2024
16
8
3,200,000
613,396
100
2024
2012
2016
2020
2024
2015
2014
28
2
51
74