84
-355
2026
127,560
2020
2022
2024
23,278
2,175
4
53
5
100.0
50
96.0
31.9
96
31.9
5
2025
2025
1949
2026
5
15715478
15759112
00002779
19676150
2025
1949
00002779
00002779
2779
127,560
2003
2024
-03
-01
00
00
00.000
1975
2002
-11
-30
00
00
00.000
1971
2007
-08
-29
00
00
00.000
1975
1996
-11
-05
00
00
00.000
1978
2025
-06
-24
00
00
00.000
00
00
00.000
1
0
1
0
4
0
2
0
4
0
5
0
2
0
3
60
8
4
03
01
2024
53
5
2013
21
8
7
6
5
3
2
1
53
53
18
38
21
39.6
1
21
53
39.6
18
38
21
3554
16715
28845
16002
65116
13814
442
12706
15641
42603
1244
877
2675
2952
7748
355
285
1711
2167
4518
224
307
1558
1458
3547
169
70
513
1423
2175
174
64
591
1020
1849
0
0
4
0
4
40,663
48,603
127,560
40,663
48,603
89,266
70.0
7
127,556
127,560
70.0
2
127,556
70.0
70.0
224
307
0.7
1.4
13814
442
31.3
0.0
355
285
1.2
0.8
1244
877
1.4
0.7
3554
16715
0.2
4.7
31
4.7
118,174
3,029
2,654
2,322
1,381
9,386
2018
127,560
118,174
127,560
118,174
7.4
2024
2026
2024
65,116
45,030
69.2
7,748
4,369
56.4
3,547
1,959
55.2
42,603
23,467
55.1
4,518
2,154
47.7
1,849
706
38.2
2,175
645
29.7
69.2
55.1
55.2
47.7
39.5
2024
2026
2020
2026
2026
2020
74,394
60,591
13,803
18.6
2022
59,280
53,603
5,677
9.6
2024
82,132
78,334
3,798
4.6
13,803
2020
2026
18.6
5
2024
3
2024
69.2
29.7
18.6
2020
9.6
2022
4.6
2024
2024
2025
2026
7.9
4.6
2024
2024
9,386
2012
2015
70.0
7.4
18.6
2020
21
53
13,803
2020
18.6
2020
2022
2024
2026
2012
20
4
437
459
2015
2020
584
756
2018
570
529
2013