84
-355
2026
377
533
1964
2
52
10301
478
30
50
51
1986
608
2026
29
2026
29
2
1980
446
55
1982
2
412
755
766
1973
1986
2023
599
1
2026
2
2
2020
1975
5
25
-00025
2020
-5
20
131530201061000
1
131530201061001
1
20
131530201062020
0
0
0
0
0
0
153
20
131530211253020
20
131530211162000
4
959
677
413
228
141
2020
3,269
163,633
122,118
49,771
875
34.54
32.43
35.56
34.54
32.43
35.56
3.13
1
32,638
-0.27
2
32,579
-0.45
3
33,090
1.11
4
32,550
-0.54
5
32,776
0.15
1.65
10
1
2020
32,727
10
1.65
32,727
1.65
462
835
842
1983
10
462
725
1983
0.70
376
1
1964
1.66
1963
372
368
1963
381
2020
177,785
780
228
1
103
159
15.3
228
15.3
1.65
32.43
1.62
10301
512
997
1994
24,424
12,212
39,605
3.24
556
1
2009
50
19
20
2
25
595
398
402
2022
599
18
3,269
875
39.9
2
3,269
875
39.9
306
3,269
36.4
63.6
3,269
2
32,727
1
29
2026
2
1
1
1
67.1
32.43
3.24
67.1
32,727
1
0
4
3
67.1
41.3
0.324
60.0
0.008
1
41.3
0.324
50
40
51.1
0.036
9
60.0
0.008
2
41.1
29
2026
1
41.3
18.7
4
1
41.3
0.324
0.766
40
51.1
0.036
0.336
60.0
0.008
0.284
67.1
0.006
0.056
4
53.7
0.266
0.514
4
53.7
0.266
40
0
15
4
1
41.3
0.324
60.0
0.008
53.7
0.266
4
50
1
48.2
44.3
50.4
4
49.6
45.6
50.7
12
50.7
46.8
51.7
24
52.2
48.3
53.2
60
53.1
49.3
54.1
100
53.1
49.6
53.7
50
5
50
12
50.1
49.6
3.13
306
59.8
61.9
0.48
2.1
306
18.7
1.65
10
3.24
41.3
0.324
60.0
0.008
53.7
0.266
1982
2006
331
763
1982
37
2
509
630
1993
515
900
1995
41.3
39.9
70
20
50
1991
1961
1990
2024
6
3
29
30
30
2
570
529
2013
4
5
2
608
2026
25
1314
25
1315
25
1316
2
2026
2023
4
5
2020
2026
2023
2026
50
5
2020
94
-171
2020
20
163,633
49,771
5
25
-00025
1965
2
52
10301
42
1973
52
1
2014
1982
97
-205
3
96
134
372
368
1963
376
1
1964
377
533
1964
412
755
1973
446
55
1980
462
725
1983
462
835
1983
478
30
1986
509
630
1993
512
997
1994
515
900
1995
556
1
2009
570
529
2013
595
398
2022
599
1
2023
608
2026
24
-109
24
-110
29
2026
732
3
574
2024
608
2026
25
1314
25
1315
25
1316
2
2026
2024
109
103040
1992
2006
2
1982
39
4
643
772
1990
52
4
1155
1181
2007
117
174
1991
9
2
301
353
1961
5
1
70
74
2016
68
1323