84
-355
2026
2020
2024
2026
6,207
70
60
51
51
2024
2020
1945
2020
2022
2024
2020
3,221
2026
-08
-10
2020
2016
01001
1001
10
-1620
2020
01001
19838
7503
27770
12335
0.714368023046453
0.27018365142239825
0.4441843716240547
01003
83544
24578
109679
58966
0.761713728243328
0.22409029987509005
0.5376234283682382
01001
01001
1001
10
06
2016
0,930
03.0
130413.0
246588.0
0.37715947248
0.528870018006
37,410
15.17
2013
1,930
03.0
130413.0
246588.0
0.37715947248
0.528870018006
37,410
15.17
2016
2,930
03.0
130413.0
246588.0
0.37715947248
0.528870018006
37,410
15.17
2020
2013
1001
2020
2016
2016
93003.0
37,410
15.17
2020
3,152
2020
2016
93,003
130,413
2016
8
11
2.1
8
5
3.1
5
16
16
32
3,100
8
24
49
10
400,096
1,117
25,000
15
1.9
1
8
2020
2024
3,100
2
2020
2024
8
11
88.5
3,100
88.5
3.1
3,100
3.1
88.5
28.1
9.2
26
4
48
2020
3,152
2024
3,160
3,104
2020
48
2024
56
2020
40
2024
40
2020
8
2024
9
2024
7
40
2020
02901
-02940
1
2024
02001
-02040
1
2020
12
2024
02013
13
02016
16
02020
20
2024
2020
2024
2022
2020
2024
1,824,280
2020
11001
2020
344,356
2024
1
40,463
1
3
3,104
2020
2024
2020
1
2024
0.5
2024
2.3
1
0.5
2.3
2.8
3,104
40
2020
2024
8
1,824,280
2
2008
2024
2016
2020
2016
2020
2020
2024
2016
29
40
2020
8
2024
8
2016
8
2020
1,824,280
2016
2020
1,824,280
2016
41
394,546
0.25
2020
391,346
3,107
3,100
4
3,107
2016
2020
8
2
37.5
88.5
2
1.3
3.5
2
4
2016
2020
2020
2024
3,107
3,100
1,165
2,744
37.5
88.5
24.1
91.1
1,942
356
62.5
11.5
75.9
8.9
1.3
3.1
3.5
6.0
3,100
2016
2020
2016
2020
2020
2024
37.5
24.1
88.5
91.1
48.9
25.1
89.9
91.9
2016
-2020
11.4
37.5
48.9
2020
-2024
88.5
89.9
4
62.5
51.1
2016
2020
-2024
2016
-2020
4
11.4
2
2016
-2020
48.9
25.1
2016
2020
2020
2024
6.3
7.4
2016
-2020
2020
-2024
0.42
96
3,606,971
37,573
2024
150
158
3,099
0.42
0.59
0.26
0.46
9.0
7.2
62.0
53.2
8.7
10
52.9
2016
-2020
2020
-2024
2.0
5
2016
-2020
2020
-2024
0.26
0.46
56.3
10
6
2016
2024
3,099
2
4
62.0
88.5
2020
-2024
37.5
2016
-2020
1.8
2.6
0.8
1.7
3,099
62.0
53.2
1.8
2.6
7.4
6.3
0.42
77.4
25.4
67
61.3
16.1
77.4
25.4
8
2016
2020
2024
4
2
6
4
2
3,100
3,606,971
96
37,573
3.4
3.1
6.0
3.1
6.0
2020
3
2024
159
1945
1
159
3,100
8
7
2020
2024
159
8
81.8
3.0
2.5
0.3
2.2
1945
159
2020
0.3
2024
2.2
2.5
3.0
81.8
10.6
9.2
8
8,000
25,000
2,701
17
2020
2024
2024
2020
2020
1
2198
494
81.6
2
2353
339
87.4
3
2354
338
87.4
4
2446
246
90.9
2020
2,692
2,446
246
9.1
44
86
86
90.9
44
86
1
-05
7
9
2026
3
2026
2024
-2026
2020
0.2
1.8
2.1
1.6
2
42.0
24.6
2020
2024
2.5
8
2,641
2020
2.1
2.5
42.0
2.1
1.6
2024
-2026
2024
-2026
2022
2026
2022
2024
2026
2.1
2022
2026
9
159
2022
7.6
3
2026
2022
159
96
3,606,971
11.4
6,207
1945
1,824,280
2020
-2024
2016
-2020
394,546
0.25
26
30
2020
2024
2020
8
96
3,606,971
2026
8
3,104
3.1
6.0
88.5
1.4
11.4
0.42
7.4
6.3
3
2020
2024
2022
2020
2
2020
2020
2016
2020
2024
08
-24
08
-24
2020
2024
3,152
3,160
2016
2026
-08
-11
3,141
3,141
-1620
2024
2020
11
1
2289529
10.1080
2330443
2023.2289529
2.1
2
5
8
25,000
8,000
15
90